1.000000000000000000e+00 2.904755709759558655e-28
1.001001001002000000e+12 2.878117137161340035e-04
2.002002002003000000e+12 1.122512079694523105e-03
3.003003003004000000e+12 2.483194123855147692e-03
4.004004004005000000e+12 4.410240507345767995e-03
5.005005005006000000e+12 6.806332801313731522e-03
6.006006006007000000e+12 9.623305891591601297e-03
7.007007007008000000e+12 1.308351436709430035e-02
8.008008008009000000e+12 1.674047460028705789e-02
9.009009009010000000e+12 2.091648596550838013e-02
1.001001001001100000e+13 2.536640862075902753e-02
1.101101101101200000e+13 3.021158041687233703e-02
1.201201201201300000e+13 3.550955248289833222e-02
1.301301301301400000e+13 4.118487803533882330e-02
1.401401401401500000e+13 4.737357519919552923e-02
1.501501501501600000e+13 5.372391674181671573e-02
1.601601601601700000e+13 6.029752973367916852e-02
1.701701701701800000e+13 6.673968631810282826e-02
1.801801801801900000e+13 7.363009819786558996e-02
1.901901901902000000e+13 8.173357233423778068e-02
2.002002002002100000e+13 8.859510132951667338e-02
2.102102102102200000e+13 9.682757781673734243e-02
2.202202202202300000e+13 1.056068349933665662e-01
2.302302302302400000e+13 1.126174453556711141e-01
2.402402402402500000e+13 1.225352097579767569e-01
2.502502502502600000e+13 1.321464088301382012e-01
2.602602602602700000e+13 1.396298210812975948e-01
2.702702702702800000e+13 1.498531124970688411e-01
2.802802802802900000e+13 1.566837228307515484e-01
2.902902902903000000e+13 1.657236232114784880e-01
3.003003003003100000e+13 1.759052159088571321e-01
3.103103103103200000e+13 1.861694408114911714e-01
3.203203203203300000e+13 1.970895798938142041e-01
3.303303303303400000e+13 2.068029292937350327e-01
3.403403403403500000e+13 2.139931320851553298e-01
3.503503503503600000e+13 2.228096682136306850e-01
3.603603603603700000e+13 2.354068720684284466e-01
3.703703703703800000e+13 2.470781655353130879e-01
3.803803803803900000e+13 2.527598595187365293e-01
3.903903903904000000e+13 2.644278239343024750e-01
4.004004004004100000e+13 2.735873954253213447e-01
4.104104104104200000e+13 2.830060347223251060e-01
4.204204204204300000e+13 2.933288542293151502e-01
4.304304304304400000e+13 3.059077660124860931e-01
4.404404404404500000e+13 3.138573597917331814e-01
4.504504504504600000e+13 3.243471035050767282e-01
4.604604604604700000e+13 3.371239476839503757e-01
4.704704704704800000e+13 3.484362335217667805e-01
4.804804804804900000e+13 3.548230939447063470e-01
4.904904904905000000e+13 3.673620725109413288e-01
5.005005005005100000e+13 3.809877855336707420e-01
5.105105105105200000e+13 3.859570004584835790e-01
5.205205205205300000e+13 3.963124825076420055e-01
5.305305305305400000e+13 4.043059267677538982e-01
5.405405405405500000e+13 4.144549969620677232e-01
5.505505505505600000e+13 4.282709524989218863e-01
5.605605605605700000e+13 4.374818928002150442e-01
5.705705705705800000e+13 4.509434904799715649e-01
5.805805805805900000e+13 4.595909049467734042e-01
5.905905905906000000e+13 4.651835886726344294e-01
6.006006006006100000e+13 4.737831665160551209e-01
6.106106106106200000e+13 4.901245424604295797e-01
6.206206206206300000e+13 5.012029113748557307e-01
6.306306306306400000e+13 5.010744083292559825e-01
6.406406406406500000e+13 5.181242521972693194e-01
6.506506506506600000e+13 5.202762815130869134e-01
6.606606606606700000e+13 5.362780762557814995e-01
6.706706706706800000e+13 5.478566372450176525e-01
6.806806806806900000e+13 5.493598157881002253e-01
6.906906906907000000e+13 5.591517206800065143e-01
7.007007007007100000e+13 5.700877889279956090e-01
7.107107107107200000e+13 5.761336134297674327e-01
7.207207207207300000e+13 5.862057961195895617e-01
7.307307307307400000e+13 5.990003144924652689e-01
7.407407407407500000e+13 6.085112226409212788e-01
7.507507507507600000e+13 6.100630226743656292e-01
7.607607607607700000e+13 6.270306593717299704e-01
7.707707707707800000e+13 6.380370594273242491e-01
7.807807807807900000e+13 6.455741325495094607e-01
7.907907907908000000e+13 6.445680835437447298e-01
8.008008008008100000e+13 6.592413621935450108e-01
8.108108108108200000e+13 6.610982357227670470e-01
8.208208208208300000e+13 6.665614156566577186e-01
8.308308308308400000e+13 6.862879085303720261e-01
8.408408408408500000e+13 6.916743188877787496e-01
8.508508508508600000e+13 6.979142976295041878e-01
8.608608608608700000e+13 7.023892194745032791e-01
8.708708708708800000e+13 7.169830985243966781e-01
8.808808808808900000e+13 7.172174416650141104e-01
8.908908908909000000e+13 7.280880465016786873e-01
9.009009009009100000e+13 7.410193804762352787e-01
9.109109109109200000e+13 7.421893863391350044e-01
9.209209209209300000e+13 7.444002463742479536e-01
9.309309309309400000e+13 7.613524248358898294e-01
9.409409409409500000e+13 7.670912900064578155e-01
9.509509509509600000e+13 7.726655272781479677e-01
9.609609609609700000e+13 7.712842298305641053e-01
9.709709709709800000e+13 7.876939235119452265e-01
9.809809809809900000e+13 7.946793480312274172e-01
9.909909909910000000e+13 7.959164940567204916e-01
1.001001001001010000e+14 7.956536013508612726e-01
1.011011011011020000e+14 8.066972625098239869e-01
1.021021021021030000e+14 8.162964499208594793e-01
1.031031031031040000e+14 8.151829562112548055e-01
1.041041041041050000e+14 8.281359268078609670e-01
1.051051051051060000e+14 8.291451541907436384e-01
1.061061061061070000e+14 8.325714243265663894e-01
1.071071071071080000e+14 8.376027303536409674e-01
1.081081081081090000e+14 8.493042350240042060e-01
1.091091091091100000e+14 8.451423426717347143e-01
1.101101101101110000e+14 8.605326178679447713e-01
1.111111111111120000e+14 8.566277565434590180e-01
1.121121121121130000e+14 8.701693400258541100e-01
1.131131131131140000e+14 8.743646253409949054e-01
1.141141141141150000e+14 8.764748793993448750e-01
1.151151151151160000e+14 8.754621335180238217e-01
1.161161161161170000e+14 8.926997119685243787e-01
1.171171171171180000e+14 8.933299466901649666e-01
1.181181181181190000e+14 8.876551243307024830e-01
1.191191191191200000e+14 8.967998805055473754e-01
1.201201201201210000e+14 9.115131100307310996e-01
1.211211211211220000e+14 9.149442677190318118e-01
1.221221221221230000e+14 9.112194041390062615e-01
1.231231231231240000e+14 9.127520795839985102e-01
1.241241241241250000e+14 9.264541572368535371e-01
1.251251251251260000e+14 9.234961929414093884e-01
1.261261261261270000e+14 9.169289994074354411e-01
1.271271271271280000e+14 9.228720278167943381e-01
1.281281281281290000e+14 9.387348511331743417e-01
1.291291291291300000e+14 9.422983093663699350e-01
1.301301301301310000e+14 9.300519013231233201e-01
1.311311311311320000e+14 9.502489733730387078e-01
1.321321321321330000e+14 9.391893641482803590e-01
1.331331331331340000e+14 9.491513734106128419e-01
1.341341341341350000e+14 9.543519477129137618e-01
1.351351351351360000e+14 9.500980178343174654e-01
1.361361361361370000e+14 9.552315139136738908e-01
1.371371371371380000e+14 9.561482774059496537e-01
1.381381381381390000e+14 9.565066041170825484e-01
1.391391391391400000e+14 9.539625004541367748e-01
1.401401401401410000e+14 9.632800764462161602e-01
1.411411411411420000e+14 9.681965535207791573e-01
1.421421421421430000e+14 9.770709870363671889e-01
1.431431431431440000e+14 9.729152154286209164e-01
1.441441441441450000e+14 9.806804107195024045e-01
1.451451451451460000e+14 9.720662304926405151e-01
1.461461461461470000e+14 9.756553540129679902e-01
1.471471471471480000e+14 9.752400598959811706e-01
1.481481481481490000e+14 9.861584260776975475e-01
1.491491491491500000e+14 9.781403200591579639e-01
1.501501501501510000e+14 9.778775154164772720e-01
1.511511511511520000e+14 9.900140981652261196e-01
1.521521521521530000e+14 9.769090248392192644e-01
1.531531531531540000e+14 9.768289012826248952e-01
1.541541541541550000e+14 9.801114555235141967e-01
1.551551551551560000e+14 9.890343461181647644e-01
1.561561561561570000e+14 9.934738222954933029e-01
1.571571571571580000e+14 9.804306645575616708e-01
1.581581581581590000e+14 9.902341781069675664e-01
1.591591591591600000e+14 9.958315623551655671e-01
1.601601601601610000e+14 9.906379035536572175e-01
1.611611611611620000e+14 9.925965945058499162e-01
1.621621621621630000e+14 1.000000000000000000e+00
1.631631631631640000e+14 9.891517019553288659e-01
1.641641641641650000e+14 9.886314505754548732e-01
1.651651651651660000e+14 9.824888973556794580e-01
1.661661661661670000e+14 9.859106258333599770e-01
1.671671671671680000e+14 9.840794045969426529e-01
1.681681681681690000e+14 9.865214775406285774e-01
1.691691691691700000e+14 9.901849792132929595e-01
1.701701701701710000e+14 9.997867335133708844e-01
1.711711711711720000e+14 9.855516628688061331e-01
1.721721721721730000e+14 9.901598722467500613e-01
1.731731731731740000e+14 9.970488164552779864e-01
1.741741741741750000e+14 9.875322627913158957e-01
1.751751751751760000e+14 9.802877040966111455e-01
1.761761761761770000e+14 9.790896518331720921e-01
1.771771771771780000e+14 9.778478387769017344e-01
1.781781781781790000e+14 9.840965070247791324e-01
1.791791791791800000e+14 9.873337881384268711e-01
1.801801801801810000e+14 9.926252673538734639e-01
1.811811811811820000e+14 9.821119503358822778e-01
1.821821821821830000e+14 9.812990749522095824e-01
1.831831831831840000e+14 9.763750217863456093e-01
1.841841841841850000e+14 9.837512258100018503e-01
1.851851851851860000e+14 9.864398258400688402e-01
1.861861861861870000e+14 9.693686301493967816e-01
1.871871871871880000e+14 9.754349960580220857e-01
1.881881881881890000e+14 9.659363940601509713e-01
1.891891891891900000e+14 9.750471454349995959e-01
1.901901901901910000e+14 9.774673959369556409e-01
1.911911911911920000e+14 9.749083839688590380e-01
1.921921921921930000e+14 9.577123240517890768e-01
1.931931931931940000e+14 9.558428662016580368e-01
1.941941941941950000e+14 9.587857685749027192e-01
1.951951951951960000e+14 9.588314049346502443e-01
1.961961961961970000e+14 9.549749237532015878e-01
1.971971971971980000e+14 9.579328762226702043e-01
1.981981981981990000e+14 9.550955002684974326e-01
1.991991991992000000e+14 9.588235949958000548e-01
2.002002002002010000e+14 9.423368744295651522e-01
2.012012012012020000e+14 9.474465463584922365e-01
2.022022022022030000e+14 9.540372425445409199e-01
2.032032032032040000e+14 9.382456122117982522e-01
2.042042042042050000e+14 9.395179944564413521e-01
2.052052052052060000e+14 9.439433192175833431e-01
2.062062062062070000e+14 9.323085034251257230e-01
2.072072072072080000e+14 9.344103474464059422e-01
2.082082082082090000e+14 9.360747578405175240e-01
2.092092092092100000e+14 9.341689808479416435e-01
2.102102102102110000e+14 9.182073189735228125e-01
2.112112112112120000e+14 9.168463034890202978e-01
2.122122122122130000e+14 9.219406045025071439e-01
2.132132132132140000e+14 9.266516269706873699e-01
2.142142142142150000e+14 9.211297210075480857e-01
2.152152152152160000e+14 9.051424207557574597e-01
2.162162162162170000e+14 9.072705570108753337e-01
2.172172172172180000e+14 9.108391482200599576e-01
2.182182182182190000e+14 8.949468055909522990e-01
2.192192192192200000e+14 9.057419570808066256e-01
2.202202202202210000e+14 9.031529638980644314e-01
2.212212212212220000e+14 8.879392260945091486e-01
2.222222222222230000e+14 8.851734228117195125e-01
2.232232232232240000e+14 8.970977025587733023e-01
2.242242242242250000e+14 8.801129366978986956e-01
2.252252252252260000e+14 8.872212144962592362e-01
2.262262262262270000e+14 8.761134391923958153e-01
2.272272272272280000e+14 8.815231056955624700e-01
2.282282282282290000e+14 8.784073528622975413e-01
2.292292292292300000e+14 8.657329008991689889e-01
2.302302302302310000e+14 8.637724584873650580e-01
2.312312312312320000e+14 8.635439744844328747e-01
2.322322322322330000e+14 8.499555765339551483e-01
2.332332332332340000e+14 8.556036777509492541e-01
2.342342342342350000e+14 8.503004501350487354e-01
2.352352352352360000e+14 8.469559341711582201e-01
2.362362362362370000e+14 8.382647427580547372e-01
2.372372372372380000e+14 8.396926846238861319e-01
2.382382382382390000e+14 8.408685333022409836e-01
2.392392392392400000e+14 8.407890190473030767e-01
2.402402402402410000e+14 8.350904229251686628e-01
2.412412412412420000e+14 8.299778056522458813e-01
2.422422422422430000e+14 8.158266316705438115e-01
2.432432432432440000e+14 8.266370927639917765e-01
2.442442442442450000e+14 8.211270376478908561e-01
2.452452452452460000e+14 8.171719413880290661e-01
2.462462462462470000e+14 8.045758000783087560e-01
2.472472472472480000e+14 8.080471568052725040e-01
2.482482482482490000e+14 8.084080317498704149e-01
2.492492492492500000e+14 8.037655468779458801e-01
2.502502502502510000e+14 7.876851078415628704e-01
2.512512512512520000e+14 7.894767420863464391e-01
2.522522522522530000e+14 7.842178067073047876e-01
2.532532532532540000e+14 7.833012108532818596e-01
2.542542542542550000e+14 7.700698509291927785e-01
2.552552552552560000e+14 7.805184982409780758e-01
2.562562562562570000e+14 7.770201640299381207e-01
2.572572572572580000e+14 7.730118791803211042e-01
2.582582582582590000e+14 7.613864101004778062e-01
2.592592592592600000e+14 7.642432969852722691e-01
2.602602602602610000e+14 7.479076443509958816e-01
2.612612612612620000e+14 7.467554535885647660e-01
2.622622622622630000e+14 7.534375042283725232e-01
2.632632632632640000e+14 7.378153723167560907e-01
2.642642642642650000e+14 7.434273235197900176e-01
2.652652652652660000e+14 7.349488119912770401e-01
2.662662662662670000e+14 7.257235869272360418e-01
2.672672672672680000e+14 7.215326357361017129e-01
2.682682682682690000e+14 7.260529348748056000e-01
2.692692692692700000e+14 7.244953251440027220e-01
2.702702702702710000e+14 7.124259430875974353e-01
2.712712712712720000e+14 7.139923060482544770e-01
2.722722722722730000e+14 7.037946837368553865e-01
2.732732732732740000e+14 7.055919558616504661e-01
2.742742742742750000e+14 7.041369731741627946e-01
2.752752752752760000e+14 6.967902188231941407e-01
2.762762762762770000e+14 6.906314722723035926e-01
2.772772772772780000e+14 6.827995976637589726e-01
2.782782782782790000e+14 6.772800615472764907e-01
2.792792792792800000e+14 6.758668589839811336e-01
2.802802802802810000e+14 6.700660956537001223e-01
2.812812812812820000e+14 6.654099857190167722e-01
2.822822822822830000e+14 6.714492682378294663e-01
2.832832832832840000e+14 6.643008261261641456e-01
2.842842842842850000e+14 6.583047358065952093e-01
2.852852852852860000e+14 6.504019480805992570e-01
2.862862862862870000e+14 6.444790179236158378e-01
2.872872872872880000e+14 6.461132042554893484e-01
2.882882882882890000e+14 6.365885898108044616e-01
2.892892892892900000e+14 6.414517369935375246e-01
2.902902902902910000e+14 6.366869060071922437e-01
2.912912912912920000e+14 6.254741569006646573e-01
2.922922922922930000e+14 6.203083367769041123e-01
2.932932932932940000e+14 6.235416083424349942e-01
2.942942942942950000e+14 6.215616719867532725e-01
2.952952952952960000e+14 6.152523118931477741e-01
2.962962962962970000e+14 6.119433371609188654e-01
2.972972972972980000e+14 6.009451864341427418e-01
2.982982982982990000e+14 6.038305896069929846e-01
2.992992992993000000e+14 6.010593863039527252e-01
3.003003003003010000e+14 5.901589489375380637e-01
3.013013013013020000e+14 5.911839353877103020e-01
3.023023023023030000e+14 5.923589560832334122e-01
3.033033033033040000e+14 5.873794130548233294e-01
3.043043043043050000e+14 5.794940250402080828e-01
3.053053053053060000e+14 5.790241151046370272e-01
3.063063063063070000e+14 5.692398744990401216e-01
3.073073073073080000e+14 5.705729488406087180e-01
3.083083083083090000e+14 5.598769740167247599e-01
3.093093093093100000e+14 5.561113396237674644e-01
3.103103103103110000e+14 5.523660578330633619e-01
3.113113113113120000e+14 5.547365035018501089e-01
3.123123123123130000e+14 5.504026975151011802e-01
3.133133133133140000e+14 5.449437271518617898e-01
3.143143143143150000e+14 5.357279310855472820e-01
3.153153153153160000e+14 5.370405836076472816e-01
3.163163163163170000e+14 5.314566506243026955e-01
3.173173173173180000e+14 5.275952391236640171e-01
3.183183183183190000e+14 5.272789460228135550e-01
3.193193193193200000e+14 5.203422011608878073e-01
3.203203203203210000e+14 5.134712664218242795e-01
3.213213213213220000e+14 5.186913863764742727e-01
3.223223223223230000e+14 5.139917984998203515e-01
3.233233233233240000e+14 5.096846183763453775e-01
3.243243243243250000e+14 5.049246731876306793e-01
3.253253253253260000e+14 5.030036844045321365e-01
3.263263263263270000e+14 4.954529847086961425e-01
3.273273273273280000e+14 4.904654381350803671e-01
3.283283283283290000e+14 4.898371741708428817e-01
3.293293293293300000e+14 4.848915086392784346e-01
3.303303303303310000e+14 4.802382318558184870e-01
3.313313313313320000e+14 4.792749746134675748e-01
3.323323323323330000e+14 4.698903476000561574e-01
3.333333333333340000e+14 4.682941178254815817e-01
3.343343343343350000e+14 4.715096544326570771e-01
3.353353353353360000e+14 4.666458530702413121e-01
3.363363363363370000e+14 4.626353022129905956e-01
3.373373373373380000e+14 4.588677891099819384e-01
3.383383383383390000e+14 4.535187323372241175e-01
3.393393393393400000e+14 4.489687002808376293e-01
3.403403403403410000e+14 4.477492675535791888e-01
3.413413413413420000e+14 4.421047761637529883e-01
3.423423423423430000e+14 4.394908050681496370e-01
3.433433433433440000e+14 4.345655823592214917e-01
3.443443443443450000e+14 4.286752315537294966e-01
3.453453453453460000e+14 4.325863023222338288e-01
3.463463463463470000e+14 4.223048100775347868e-01
3.473473473473480000e+14 4.221299212423495484e-01
3.483483483483490000e+14 4.215664079042589774e-01
3.493493493493500000e+14 4.178883718386884882e-01
3.503503503503510000e+14 4.092928732580339291e-01
3.513513513513520000e+14 4.129617852848001536e-01
3.523523523523530000e+14 4.045031190425464884e-01
3.533533533533540000e+14 4.017794769049288228e-01
3.543543543543550000e+14 3.974513965928368475e-01
3.553553553553560000e+14 3.944998659921746254e-01
3.563563563563570000e+14 3.968090699551537481e-01
3.573573573573580000e+14 3.925042954005015794e-01
3.583583583583590000e+14 3.909399244410762253e-01
3.593593593593600000e+14 3.868411219016846814e-01
3.603603603603610000e+14 3.821235451067798161e-01
3.613613613613620000e+14 3.746149843823867176e-01
3.623623623623630000e+14 3.765748271536128455e-01
3.633633633633640000e+14 3.718620941232486099e-01
3.643643643643650000e+14 3.665778068413405588e-01
3.653653653653660000e+14 3.656916255577160046e-01
3.663663663663670000e+14 3.652956605707355919e-01
3.673673673673680000e+14 3.603812229847287441e-01
3.683683683683690000e+14 3.550117692625574528e-01
3.693693693693700000e+14 3.539303046237958217e-01
3.703703703703710000e+14 3.509657809195747546e-01
3.713713713713720000e+14 3.460962031611065082e-01
3.723723723723730000e+14 3.461286962537042933e-01
3.733733733733740000e+14 3.386258033088819230e-01
3.743743743743750000e+14 3.414001039913053814e-01
3.753753753753760000e+14 3.367100297982050794e-01
3.763763763763770000e+14 3.330861926293596786e-01
3.773773773773780000e+14 3.301531915609615120e-01
3.783783783783790000e+14 3.309749704746060006e-01
3.793793793793800000e+14 3.218689669704755119e-01
3.803803803803810000e+14 3.217840651985678369e-01
3.813813813813820000e+14 3.174589522508108885e-01
3.823823823823830000e+14 3.196028628321495035e-01
3.833833833833840000e+14 3.130606399018794339e-01
3.843843843843850000e+14 3.116621452550319415e-01
3.853853853853860000e+14 3.056926678023500488e-01
3.863863863863870000e+14 3.088519835195023822e-01
3.873873873873880000e+14 3.029546014262071152e-01
3.883883883883890000e+14 3.027052617678074320e-01
3.893893893893900000e+14 2.977027512245514762e-01
3.903903903903910000e+14 2.935099575727041499e-01
3.913913913913920000e+14 2.915919341881566540e-01
3.923923923923930000e+14 2.890675099664767322e-01
3.933933933933940000e+14 2.858072734922825209e-01
3.943943943943950000e+14 2.844638681705108363e-01
3.953953953953960000e+14 2.812041634069465945e-01
3.963963963963970000e+14 2.801894819865658470e-01
3.973973973973980000e+14 2.785841946576150807e-01
3.983983983983990000e+14 2.727734149218937199e-01
3.993993993994000000e+14 2.734901763276191833e-01
4.004004004004010000e+14 2.713812036462538435e-01
4.014014014014020000e+14 2.690594856642108401e-01
4.024024024024030000e+14 2.632418657050254462e-01
4.034034034034040000e+14 2.647533037882991991e-01
4.044044044044050000e+14 2.600131237221051661e-01
4.054054054054060000e+14 2.575249627020518295e-01
4.064064064064070000e+14 2.545346728736477271e-01
4.074074074074080000e+14 2.513530889708548988e-01
4.084084084084090000e+14 2.515762658685316011e-01
4.094094094094100000e+14 2.494572384295657697e-01
4.104104104104110000e+14 2.464033061999779950e-01
4.114114114114120000e+14 2.464574050877975098e-01
4.124124124124130000e+14 2.424018368308162308e-01
4.134134134134140000e+14 2.404959554944367528e-01
4.144144144144150000e+14 2.385770075859806882e-01
4.154154154154160000e+14 2.338286470761332947e-01
4.164164164164170000e+14 2.350799460712849343e-01
4.174174174174180000e+14 2.305872589988685883e-01
4.184184184184190000e+14 2.285653786102022633e-01
4.194194194194200000e+14 2.256246278663852911e-01
4.204204204204210000e+14 2.246737561556207963e-01
4.214214214214220000e+14 2.228450613243523615e-01
4.224224224224230000e+14 2.228408273915963023e-01
4.234234234234240000e+14 2.182451471252099262e-01
4.244244244244250000e+14 2.152103947583950683e-01
4.254254254254260000e+14 2.130472630332429507e-01
4.264264264264270000e+14 2.128199873252619168e-01
4.274274274274280000e+14 2.096245534587876380e-01
4.284284284284290000e+14 2.100748270040928012e-01
4.294294294294300000e+14 2.060281576080009447e-01
4.304304304304310000e+14 2.040638665384709172e-01
4.314314314314320000e+14 2.028586037741676451e-01
4.324324324324330000e+14 2.009964197841522804e-01
4.334334334334340000e+14 2.004469225182490544e-01
4.344344344344350000e+14 1.990174369242834473e-01
4.354354354354360000e+14 1.954576102603163557e-01
4.364364364364370000e+14 1.916879807012786263e-01
4.374374374374380000e+14 1.926223720435907560e-01
4.384384384384390000e+14 1.889751974646471933e-01
4.394394394394400000e+14 1.876746980574227341e-01
4.404404404404410000e+14 1.844198660007081991e-01
4.414414414414420000e+14 1.852484058698464497e-01
4.424424424424430000e+14 1.818579141216220829e-01
4.434434434434440000e+14 1.808887728580205745e-01
4.444444444444450000e+14 1.786223897779430358e-01
4.454454454454460000e+14 1.773026499367795772e-01
4.464464464464470000e+14 1.743791712229980084e-01
4.474474474474480000e+14 1.744528283864283102e-01
4.484484484484490000e+14 1.737901436160250446e-01
4.494494494494500000e+14 1.691855111961108882e-01
4.504504504504510000e+14 1.673991616637029167e-01
4.514514514514520000e+14 1.677767043463164465e-01
4.524524524524530000e+14 1.656017419677225100e-01
4.534534534534540000e+14 1.641300515374649327e-01
4.544544544544550000e+14 1.608744036966053559e-01
4.554554554554560000e+14 1.601907005577946630e-01
4.564564564564570000e+14 1.579484083870544009e-01
4.574574574574580000e+14 1.584673674242011998e-01
4.584584584584590000e+14 1.575565358942521421e-01
4.594594594594600000e+14 1.545447463625555240e-01
4.604604604604610000e+14 1.531257266408302398e-01
4.614614614614620000e+14 1.523584002696382333e-01
4.624624624624630000e+14 1.489664557336291273e-01
4.634634634634640000e+14 1.476064823580002239e-01
4.644644644644650000e+14 1.478997135977784261e-01
4.654654654654660000e+14 1.451582292178600908e-01
4.664664664664670000e+14 1.438239489508187086e-01
4.674674674674680000e+14 1.427228486415758335e-01
4.684684684684690000e+14 1.401649100024668082e-01
4.694694694694700000e+14 1.402134035884570751e-01
4.704704704704710000e+14 1.391221179636372429e-01
4.714714714714720000e+14 1.371407441389448922e-01
4.724724724724730000e+14 1.345129831191006486e-01
4.734734734734740000e+14 1.331673651656214430e-01
4.744744744744750000e+14 1.334792191343305012e-01
4.754754754754760000e+14 1.318048322675118011e-01
4.764764764764770000e+14 1.313007610085390742e-01
4.774774774774780000e+14 1.282381008969503966e-01
4.784784784784790000e+14 1.267921984013678782e-01
4.794794794794800000e+14 1.270999398693159754e-01
4.804804804804810000e+14 1.259247457963665884e-01
4.814814814814820000e+14 1.241562494888553136e-01
4.824824824824830000e+14 1.229792786536881427e-01
4.834834834834840000e+14 1.221409179194897360e-01
4.844844844844850000e+14 1.207498709347998300e-01
4.854854854854860000e+14 1.175917245376232600e-01
4.864864864864870000e+14 1.176078938218594050e-01
4.874874874874880000e+14 1.170760338141420970e-01
4.884884884884890000e+14 1.162875056615220726e-01
4.894894894894900000e+14 1.147666744009147310e-01
4.904904904904910000e+14 1.126682996801162268e-01
4.914914914914920000e+14 1.114042521703257349e-01
4.924924924924930000e+14 1.109573239705713837e-01
4.934934934934940000e+14 1.087916366915090555e-01
4.944944944944950000e+14 1.077504373012836275e-01
4.954954954954960000e+14 1.073283842079640338e-01
4.964964964964970000e+14 1.069684428137583632e-01
4.974974974974980000e+14 1.057785464413396881e-01
4.984984984984990000e+14 1.030817756059618645e-01
4.994994994995000000e+14 1.033599530997347943e-01
5.005005005005010000e+14 1.026735093181505853e-01
5.015015015015020000e+14 9.993156037138789527e-02
5.025025025025030000e+14 9.969598428695974901e-02
5.035035035035040000e+14 9.764721778255996965e-02
5.045045045045050000e+14 9.837556102117656076e-02
5.055055055055060000e+14 9.681934319194103467e-02
5.065065065065070000e+14 9.452271917298336878e-02
5.075075075075080000e+14 9.439855298781942017e-02
5.085085085085090000e+14 9.370056175501566276e-02
5.095095095095100000e+14 9.316371504846482354e-02
5.105105105105110000e+14 9.128719730173079361e-02
5.115115115115120000e+14 8.970913420350914991e-02
5.125125125125130000e+14 9.000083184907613221e-02
5.135135135135140000e+14 8.825950749740830992e-02
5.145145145145150000e+14 8.791800081317083237e-02
5.155155155155160000e+14 8.699153786054479587e-02
5.165165165165170000e+14 8.540164366134392337e-02
5.175175175175180000e+14 8.574927567856388544e-02
5.185185185185190000e+14 8.329083050647040354e-02
5.195195195195200000e+14 8.255759114844390956e-02
5.205205205205210000e+14 8.303369563046740509e-02
5.215215215215220000e+14 8.122444905813580585e-02
5.225225225225230000e+14 7.979771152920887844e-02
5.235235235235240000e+14 7.942312160561552925e-02
5.245245245245250000e+14 7.894370628987491811e-02
5.255255255255260000e+14 7.851488340274616340e-02
5.265265265265270000e+14 7.649101272428711351e-02
5.275275275275280000e+14 7.586504512549938073e-02
5.285285285285290000e+14 7.509678621418673650e-02
5.295295295295300000e+14 7.479921791346842708e-02
5.305305305305310000e+14 7.426548709843440454e-02
5.315315315315320000e+14 7.337998015868794910e-02
5.325325325325330000e+14 7.216273271489910546e-02
5.335335335335340000e+14 7.112943544774497084e-02
5.345345345345350000e+14 7.054642043773647064e-02
5.355355355355360000e+14 7.003174478364590505e-02
5.365365365365370000e+14 6.953113130998540836e-02
5.375375375375380000e+14 6.817811460434651527e-02
5.385385385385390000e+14 6.756946853456202717e-02
5.395395395395400000e+14 6.685978587166076237e-02
5.405405405405410000e+14 6.646564561007610450e-02
5.415415415415420000e+14 6.538703614252512619e-02
5.425425425425430000e+14 6.491099286591872630e-02
5.435435435435440000e+14 6.424730308250470312e-02
5.445445445445450000e+14 6.298727822006058852e-02
5.455455455455460000e+14 6.235866752205557195e-02
5.465465465465470000e+14 6.222462120754621712e-02
5.475475475475480000e+14 6.143758463961709881e-02
5.485485485485490000e+14 6.060811865383479435e-02
5.495495495495500000e+14 5.978637681588035158e-02
5.505505505505510000e+14 5.935141001968652352e-02
5.515515515515520000e+14 5.875469083614361793e-02
5.525525525525530000e+14 5.825421470291194254e-02
5.535535535535540000e+14 5.765964430305108718e-02
5.545545545545550000e+14 5.715974080458677276e-02
5.555555555555560000e+14 5.648269412667045880e-02
5.565565565565570000e+14 5.511609436831088615e-02
5.575575575575580000e+14 5.508963633023572504e-02
5.585585585585590000e+14 5.460451524831709536e-02
5.595595595595600000e+14 5.414424459949607887e-02
5.605605605605610000e+14 5.278945946551628909e-02
5.615615615615620000e+14 5.257436108110100786e-02
5.625625625625630000e+14 5.208182592563541380e-02
5.635635635635640000e+14 5.094525400096519552e-02
5.645645645645650000e+14 5.112490159572722487e-02
5.655655655655660000e+14 5.053273216900362741e-02
5.665665665665670000e+14 5.004115534067154342e-02
5.675675675675680000e+14 4.960167707375946755e-02
5.685685685685690000e+14 4.901994129120786775e-02
5.695695695695700000e+14 4.777085199220865858e-02
5.705705705705710000e+14 4.769539439209478232e-02
5.715715715715720000e+14 4.699966777059578354e-02
5.725725725725730000e+14 4.652177565582980845e-02
5.735735735735740000e+14 4.592278626903126965e-02
5.745745745745750000e+14 4.510670825185655181e-02
5.755755755755760000e+14 4.505304681662555821e-02
5.765765765765770000e+14 4.425779132017430145e-02
5.775775775775780000e+14 4.359768056469825320e-02
5.785785785785790000e+14 4.380135113166017113e-02
5.795795795795800000e+14 4.285880642996024031e-02
5.805805805805810000e+14 4.225095090072825826e-02
5.815815815815820000e+14 4.176345866981767685e-02
5.825825825825830000e+14 4.142205994960452414e-02
5.835835835835840000e+14 4.101428945392571884e-02
5.845845845845850000e+14 4.069054049686799540e-02
5.855855855855860000e+14 4.005687237037544590e-02
5.865865865865870000e+14 3.982064839579240595e-02
5.875875875875880000e+14 3.936955779653282528e-02
5.885885885885890000e+14 3.867321139215035980e-02
5.895895895895900000e+14 3.858160304802100288e-02
5.905905905905910000e+14 3.762644917400548988e-02
5.915915915915920000e+14 3.743435169918855193e-02
5.925925925925930000e+14 3.737018894376240713e-02
5.935935935935940000e+14 3.672539673405966765e-02
5.945945945945950000e+14 3.627331935888820913e-02
5.955955955955960000e+14 3.561360587966520136e-02
5.965965965965970000e+14 3.526986942675053999e-02
5.975975975975980000e+14 3.504052973974908225e-02
5.985985985985990000e+14 3.447663858251357599e-02
5.995995995996000000e+14 3.399893913514525495e-02
6.006006006006010000e+14 3.405076699071347274e-02
6.016016016016020000e+14 3.327294224668777417e-02
6.026026026026030000e+14 3.338355676968030733e-02
6.036036036036040000e+14 3.293951159839955678e-02
6.046046046046050000e+14 3.241835766230082017e-02
6.056056056056060000e+14 3.230366430651489262e-02
6.066066066066070000e+14 3.164990921646376049e-02
6.076076076076080000e+14 3.134674072979208581e-02
6.086086086086090000e+14 3.094134917424129147e-02
6.096096096096100000e+14 3.038442607932428582e-02
6.106106106106110000e+14 3.036159871887474451e-02
6.116116116116120000e+14 2.975794077110777147e-02
6.126126126126130000e+14 2.949407188524649087e-02
6.136136136136140000e+14 2.890544438793209506e-02
6.146146146146150000e+14 2.861675378072076059e-02
6.156156156156160000e+14 2.871298220908613877e-02
6.166166166166170000e+14 2.838436104505728114e-02
6.176176176176180000e+14 2.783361154819900471e-02
6.186186186186190000e+14 2.752013397069942927e-02
6.196196196196200000e+14 2.731296018557280089e-02
6.206206206206210000e+14 2.681923422053736003e-02
6.216216216216220000e+14 2.641842208286247773e-02
6.226226226226230000e+14 2.614658293342603593e-02
6.236236236236240000e+14 2.611239434552442562e-02
6.246246246246250000e+14 2.544192397798918440e-02
6.256256256256260000e+14 2.553610934299131718e-02
6.266266266266270000e+14 2.515277444809909876e-02
6.276276276276280000e+14 2.474713422253009207e-02
6.286286286286290000e+14 2.440527218782393218e-02
6.296296296296300000e+14 2.430280036282187611e-02
6.306306306306310000e+14 2.374552568713573369e-02
6.316316316316320000e+14 2.353156300777770743e-02
6.326326326326330000e+14 2.346025869778099390e-02
6.336336336336340000e+14 2.288018670077778677e-02
6.346346346346350000e+14 2.294271624316149977e-02
6.356356356356360000e+14 2.256567521753173600e-02
6.366366366366370000e+14 2.244380206270523911e-02
6.376376376376380000e+14 2.191172583431515511e-02
6.386386386386390000e+14 2.173484982239084345e-02
6.396396396396400000e+14 2.134863624863904061e-02
6.406406406406410000e+14 2.108237048680275394e-02
6.416416416416420000e+14 2.085062302969695539e-02
6.426426426426430000e+14 2.076523338522923492e-02
6.436436436436440000e+14 2.060072858116314756e-02
6.446446446446450000e+14 2.042555241333550778e-02
6.456456456456460000e+14 2.014199322154288860e-02
6.466466466466470000e+14 1.974035761772583927e-02
6.476476476476480000e+14 1.953346353714550607e-02
6.486486486486490000e+14 1.956027727226451740e-02
6.496496496496500000e+14 1.930114465890444761e-02
6.506506506506510000e+14 1.900039707641635461e-02
6.516516516516520000e+14 1.869306675726358294e-02
6.526526526526530000e+14 1.843209233005911260e-02
6.536536536536540000e+14 1.820556095005465558e-02
6.546546546546550000e+14 1.791701728372971023e-02
6.556556556556560000e+14 1.788742836231729805e-02
6.566566566566570000e+14 1.773885654303004877e-02
6.576576576576580000e+14 1.726548359717361425e-02
6.586586586586590000e+14 1.704164416656502729e-02
6.596596596596600000e+14 1.691905984357718745e-02
6.606606606606610000e+14 1.695217162358835655e-02
6.616616616616620000e+14 1.649553037350278903e-02
6.626626626626630000e+14 1.655216505056063270e-02
6.636636636636640000e+14 1.616239702175403109e-02
6.646646646646650000e+14 1.598037984753549606e-02
6.656656656656660000e+14 1.593619944378661668e-02
6.666666666666670000e+14 1.574849793234202669e-02
6.676676676676680000e+14 1.556392062311872694e-02
6.686686686686690000e+14 1.531210161253833586e-02
6.696696696696700000e+14 1.523273970477028935e-02
6.706706706706710000e+14 1.496384097930712059e-02
6.716716716716720000e+14 1.467986744824001204e-02
6.726726726726730000e+14 1.448121917424350855e-02
6.736736736736740000e+14 1.441144025040381679e-02
6.746746746746750000e+14 1.418879701404758033e-02
6.756756756756760000e+14 1.396906839725038998e-02
6.766766766766770000e+14 1.382090139019099585e-02
6.776776776776780000e+14 1.374033677398447083e-02
6.786786786786790000e+14 1.363803678715258538e-02
6.796796796796800000e+14 1.326393064896203705e-02
6.806806806806810000e+14 1.309164558071981496e-02
6.816816816816820000e+14 1.303558618625143967e-02
6.826826826826830000e+14 1.295668913390432553e-02
6.836836836836840000e+14 1.278281281097053829e-02
6.846846846846850000e+14 1.264989364858581759e-02
6.856856856856860000e+14 1.242945611046513722e-02
6.866866866866870000e+14 1.230519508384309880e-02
6.876876876876880000e+14 1.220087099926568490e-02
6.886886886886890000e+14 1.198926066650837785e-02
6.896896896896900000e+14 1.185153990376267702e-02
6.906906906906910000e+14 1.180287844504930225e-02
6.916916916916920000e+14 1.149877347647926956e-02
6.926926926926930000e+14 1.145019452063335275e-02
6.936936936936940000e+14 1.125411414353887085e-02
6.946946946946950000e+14 1.112754122967421662e-02
6.956956956956960000e+14 1.099615830456423561e-02
6.966966966966970000e+14 1.079726698813802087e-02
6.976976976976980000e+14 1.067011352768194692e-02
6.986986986986990000e+14 1.059103867663907517e-02
6.996996996997000000e+14 1.041407491483683362e-02
7.007007007007010000e+14 1.044331374790501664e-02
7.017017017017020000e+14 1.027073011702724255e-02
7.027027027027030000e+14 1.015790846561562266e-02
7.037037037037040000e+14 1.008323108022898124e-02
7.047047047047050000e+14 9.930662616098004034e-03
7.057057057057060000e+14 9.668388002518893062e-03
7.067067067067070000e+14 9.683133328085851907e-03
7.077077077077080000e+14 9.467707032560232841e-03
7.087087087087090000e+14 9.388901223668245227e-03
7.097097097097100000e+14 9.341486746858316051e-03
7.107107107107110000e+14 9.226967334748269883e-03
7.117117117117120000e+14 8.999078440189850481e-03
7.127127127127130000e+14 8.907882270751860815e-03
7.137137137137140000e+14 8.807585346582455163e-03
7.147147147147150000e+14 8.798093448947193543e-03
7.157157157157160000e+14 8.602240589470342910e-03
7.167167167167170000e+14 8.592723279244497345e-03
7.177177177177180000e+14 8.404750339731951667e-03
7.187187187187190000e+14 8.267284989404646497e-03
7.197197197197200000e+14 8.229865868003489668e-03
7.207207207207210000e+14 8.162406395496283815e-03
7.217217217217220000e+14 8.011655917469533844e-03
7.227227227227230000e+14 7.889483443158287063e-03
7.237237237237240000e+14 7.794386585706297201e-03
7.247247247247250000e+14 7.750329373987913800e-03
7.257257257257260000e+14 7.565040992708233630e-03
7.267267267267270000e+14 7.546895622023251995e-03
7.277277277277280000e+14 7.449431696618870509e-03
7.287287287287290000e+14 7.427414680495832665e-03
7.297297297297300000e+14 7.220621058461148233e-03
7.307307307307310000e+14 7.190491008878907402e-03
7.317317317317320000e+14 7.158931235471424799e-03
7.327327327327330000e+14 6.967201025138309092e-03
7.337337337337340000e+14 6.861407099732028982e-03
7.347347347347350000e+14 6.847827452026990398e-03
7.357357357357360000e+14 6.726840071570964856e-03
7.367367367367370000e+14 6.606535803470497785e-03
7.377377377377380000e+14 6.563369063500665117e-03
7.387387387387390000e+14 6.535893953943323724e-03
7.397397397397400000e+14 6.401213196563130571e-03
7.407407407407410000e+14 6.341538816434434678e-03
7.417417417417420000e+14 6.209015858659625194e-03
7.427427427427430000e+14 6.216477680624427245e-03
7.437437437437440000e+14 6.113166547145228169e-03
7.447447447447450000e+14 6.029848050309886444e-03
7.457457457457460000e+14 5.954494388196297436e-03
7.467467467467470000e+14 5.921746129080036024e-03
7.477477477477480000e+14 5.787744967212976425e-03
7.487487487487490000e+14 5.718525366630125041e-03
7.497497497497500000e+14 5.672032780767908254e-03
7.507507507507510000e+14 5.584957700624472270e-03
7.517517517517520000e+14 5.500494078390548262e-03
7.527527527527530000e+14 5.503810163087546545e-03
7.537537537537540000e+14 5.398544795943451685e-03
7.547547547547550000e+14 5.321138634740723086e-03
7.557557557557560000e+14 5.312988400265665490e-03
7.567567567567570000e+14 5.240808878911984436e-03
7.577577577577580000e+14 5.151699211436249620e-03
7.587587587587590000e+14 5.121181741627789386e-03
7.597597597597600000e+14 5.047624267801234001e-03
7.607607607607610000e+14 4.945114606179668547e-03
7.617617617617620000e+14 4.837621942766458065e-03
7.627627627627630000e+14 4.832709711467407694e-03
7.637637637637640000e+14 4.718715740996236654e-03
7.647647647647650000e+14 4.688705114114940196e-03
7.657657657657660000e+14 4.676733446200010726e-03
7.667667667667670000e+14 4.627330200276191276e-03
7.677677677677680000e+14 4.551800103409871755e-03
7.687687687687690000e+14 4.443232837377466063e-03
7.697697697697700000e+14 4.428192376554888031e-03
7.707707707707710000e+14 4.354529310924891948e-03
7.717717717717720000e+14 4.341016243448616793e-03
7.727727727727730000e+14 4.230355393683436424e-03
7.737737737737740000e+14 4.213503032803232740e-03
7.747747747747750000e+14 4.190846395354013224e-03
7.757757757757760000e+14 4.071577095443614652e-03
7.767767767767770000e+14 4.082115798165680126e-03
7.777777777777780000e+14 3.998940126104176020e-03
7.787787787787790000e+14 3.942697978063240856e-03
7.797797797797800000e+14 3.928241247304766794e-03
7.807807807807810000e+14 3.868273126699055525e-03
7.817817817817820000e+14 3.826938352232685508e-03
7.827827827827830000e+14 3.781092069140208969e-03
7.837837837837840000e+14 3.734823619948368645e-03
7.847847847847850000e+14 3.623480322788440178e-03
7.857857857857860000e+14 3.596394731138218698e-03
7.867867867867870000e+14 3.596350529909382327e-03
7.877877877877880000e+14 3.488087119365535643e-03
7.887887887887890000e+14 3.492780316762805239e-03
7.897897897897900000e+14 3.409742034574170678e-03
7.907907907907910000e+14 3.417983773478488162e-03
7.917917917917920000e+14 3.341543290418736139e-03
7.927927927927930000e+14 3.309458847603662969e-03
7.937937937937940000e+14 3.261710753345736184e-03
7.947947947947950000e+14 3.195858713271056573e-03
7.957957957957960000e+14 3.161507943844954049e-03
7.967967967967970000e+14 3.132938711701812110e-03
7.977977977977980000e+14 3.111388274560956090e-03
7.987987987987990000e+14 3.045576727600683622e-03
7.997997997998000000e+14 3.007297343292959085e-03
8.008008008008010000e+14 3.003919394036008543e-03
8.018018018018020000e+14 2.943036438597745365e-03
8.028028028028030000e+14 2.900762065755173313e-03
8.038038038038040000e+14 2.896931127388794117e-03
8.048048048048050000e+14 2.863131082573185798e-03
8.058058058058060000e+14 2.807984149043226459e-03
8.068068068068070000e+14 2.771490957606777012e-03
8.078078078078080000e+14 2.720000047523418556e-03
8.088088088088090000e+14 2.696536250126203415e-03
8.098098098098100000e+14 2.682142422992177516e-03
8.108108108108110000e+14 2.652027025422590625e-03
8.118118118118120000e+14 2.621905666727580592e-03
8.128128128128130000e+14 2.577008080107972762e-03
8.138138138138140000e+14 2.541244614943130500e-03
8.148148148148150000e+14 2.519272418508168142e-03
8.158158158158160000e+14 2.458935027583776176e-03
8.168168168168170000e+14 2.444124536627650078e-03
8.178178178178180000e+14 2.414332654556368678e-03
8.188188188188190000e+14 2.368589984145158533e-03
8.198198198198200000e+14 2.352280373175559026e-03
8.208208208208210000e+14 2.309287652347592323e-03
8.218218218218220000e+14 2.272431624556318659e-03
8.228228228228230000e+14 2.235403952890998268e-03
8.238238238238240000e+14 2.232220908391474926e-03
8.248248248248250000e+14 2.201608941749804739e-03
8.258258258258260000e+14 2.162481194772552205e-03
8.268268268268270000e+14 2.124026199873108728e-03
8.278278278278280000e+14 2.114460857098105894e-03
8.288288288288290000e+14 2.078176900529925090e-03
8.298298298298300000e+14 2.077118583246446992e-03
8.308308308308310000e+14 2.050095366122402837e-03
8.318318318318320000e+14 2.010892835559291263e-03
8.328328328328330000e+14 1.991589154782493019e-03
8.338338338338340000e+14 1.943358655415481718e-03
8.348348348348350000e+14 1.939639517759385225e-03
8.358358358358360000e+14 1.919463044865201556e-03
8.368368368368370000e+14 1.883100925719098130e-03
8.378378378378380000e+14 1.869903129542237847e-03
8.388388388388390000e+14 1.838741032040212787e-03
8.398398398398400000e+14 1.817150096628973501e-03
8.408408408408410000e+14 1.798627642494189920e-03
8.418418418418420000e+14 1.771040523776825932e-03
8.428428428428430000e+14 1.755565866768777575e-03
8.438438438438440000e+14 1.710261204477436315e-03
8.448448448448450000e+14 1.707482200822621303e-03
8.458458458458460000e+14 1.680911182652371520e-03
8.468468468468470000e+14 1.653058895898499485e-03
8.478478478478480000e+14 1.630093298499280191e-03
8.488488488488490000e+14 1.616070659300405553e-03
8.498498498498500000e+14 1.598514378445968888e-03
8.508508508508510000e+14 1.558931954132420803e-03
8.518518518518520000e+14 1.561582805076435583e-03
8.528528528528530000e+14 1.522255864769365193e-03
8.538538538538540000e+14 1.506379964980761061e-03
8.548548548548550000e+14 1.492469829627262679e-03
8.558558558558560000e+14 1.473182485668449648e-03
8.568568568568570000e+14 1.448815534633082812e-03
8.578578578578580000e+14 1.443837243890460026e-03
8.588588588588590000e+14 1.424612406392304804e-03
8.598598598598600000e+14 1.400372388360044849e-03
8.608608608608610000e+14 1.374441818922302917e-03
8.618618618618620000e+14 1.377848636297003895e-03
8.628628628628630000e+14 1.339924199417860846e-03
8.638638638638640000e+14 1.340402669039814521e-03
8.648648648648650000e+14 1.312589759321524134e-03
8.658658658658660000e+14 1.287114036081438194e-03
8.668668668668670000e+14 1.273023264930775314e-03
8.678678678678680000e+14 1.271195603422869318e-03
8.688688688688690000e+14 1.254079856712529218e-03
8.698698698698700000e+14 1.239429427346303752e-03
8.708708708708710000e+14 1.209250392052123660e-03
8.718718718718720000e+14 1.197761019421138187e-03
8.728728728728730000e+14 1.180543710081520103e-03
8.738738738738740000e+14 1.163197625312658353e-03
8.748748748748750000e+14 1.158109470802970008e-03
8.758758758758760000e+14 1.146492055299006083e-03
8.768768768768770000e+14 1.126554702093787068e-03
8.778778778778780000e+14 1.109892133978886055e-03
8.788788788788790000e+14 1.094236634368084488e-03
8.798798798798800000e+14 1.083645874256808925e-03
8.808808808808810000e+14 1.065140230081151624e-03
8.818818818818820000e+14 1.056111449704288550e-03
8.828828828828830000e+14 1.031199937041866630e-03
8.838838838838840000e+14 1.034658229429460171e-03
8.848848848848850000e+14 1.007380367282360118e-03
8.858858858858860000e+14 9.890147257414967120e-04
8.868868868868870000e+14 9.825238542523501845e-04
8.878878878878880000e+14 9.676472148714535025e-04
8.888888888888890000e+14 9.544315959410150114e-04
8.898898898898900000e+14 9.491234403224097860e-04
8.908908908908910000e+14 9.310400775686268181e-04
8.918918918918920000e+14 9.159404282838499696e-04
8.928928928928930000e+14 9.142685573156729764e-04
8.938938938938940000e+14 9.011106847191096419e-04
8.948948948948950000e+14 8.900698904670629932e-04
8.958958958958960000e+14 8.681386543465235408e-04
8.968968968968970000e+14 8.709695085527805912e-04
8.978978978978980000e+14 8.596583320805904717e-04
8.988988988988990000e+14 8.375441464423202548e-04
8.998998998999000000e+14 8.299611782821606724e-04
9.009009009009010000e+14 8.190889365515221414e-04
9.019019019019020000e+14 8.051302627809313849e-04
9.029029029029030000e+14 8.003580668854083820e-04
9.039039039039040000e+14 7.873864298158018190e-04
9.049049049049050000e+14 7.848407629458898152e-04
9.059059059059060000e+14 7.731004489777205425e-04
9.069069069069070000e+14 7.605724769148659381e-04
9.079079079079080000e+14 7.426569244109936744e-04
9.089089089089090000e+14 7.392212390450588963e-04
9.099099099099100000e+14 7.319426616325671675e-04
9.109109109109110000e+14 7.248049167034508952e-04
9.119119119119120000e+14 7.035801379270227585e-04
9.129129129129130000e+14 7.072373597535374984e-04
9.139139139139140000e+14 6.929407124261512379e-04
9.149149149149150000e+14 6.822889031265314290e-04
9.159159159159160000e+14 6.679627260979194465e-04
9.169169169169170000e+14 6.690802681190716064e-04
9.179179179179180000e+14 6.553286224688457257e-04
9.189189189189190000e+14 6.471539146588151884e-04
9.199199199199200000e+14 6.421413332404141486e-04
9.209209209209210000e+14 6.320991039852811135e-04
9.219219219219220000e+14 6.242199387106410870e-04
9.229229229229230000e+14 6.122529782293548118e-04
9.239239239239240000e+14 6.012688698429028561e-04
9.249249249249250000e+14 5.944323457113618713e-04
9.259259259259260000e+14 5.941917763681074877e-04
9.269269269269270000e+14 5.773027938853142818e-04
9.279279279279280000e+14 5.732686942635902352e-04
9.289289289289290000e+14 5.623615237084969706e-04
9.299299299299300000e+14 5.610574455107715085e-04
9.309309309309310000e+14 5.486310121137028895e-04
9.319319319319320000e+14 5.416478335928604556e-04
9.329329329329330000e+14 5.348478301140169918e-04
9.339339339339340000e+14 5.287131346062842263e-04
9.349349349349350000e+14 5.210114750070863341e-04
9.359359359359360000e+14 5.163842712647993003e-04
9.369369369369370000e+14 5.079538350100309615e-04
9.379379379379380000e+14 5.054882996256400635e-04
9.389389389389390000e+14 5.007182877437856526e-04
9.399399399399400000e+14 4.896126422837810115e-04
9.409409409409410000e+14 4.816958790495735583e-04
9.419419419419420000e+14 4.783843771279797162e-04
9.429429429429430000e+14 4.732030854306948559e-04
9.439439439439440000e+14 4.625428715331580650e-04
9.449449449449450000e+14 4.566568685060325540e-04
9.459459459459460000e+14 4.515911355598722400e-04
9.469469469469470000e+14 4.450457205306987234e-04
9.479479479479480000e+14 4.430104355739692291e-04
9.489489489489490000e+14 4.348453846754970781e-04
9.499499499499500000e+14 4.328269358938671577e-04
9.509509509509510000e+14 4.221502704357160728e-04
9.519519519519520000e+14 4.178353941618095555e-04
9.529529529529530000e+14 4.155351259710180390e-04
9.539539539539540000e+14 4.081707695365992283e-04
9.549549549549550000e+14 4.043900389311726531e-04
9.559559559559560000e+14 3.965514709313523777e-04
9.569569569569570000e+14 3.893763913219441212e-04
9.579579579579580000e+14 3.873654369317138207e-04
9.589589589589590000e+14 3.786449977422090855e-04
9.599599599599600000e+14 3.744254116384400301e-04
9.609609609609610000e+14 3.699318067465144741e-04
9.619619619619620000e+14 3.690997318865472552e-04
9.629629629629630000e+14 3.595402965879297696e-04
9.639639639639640000e+14 3.529151522899182298e-04
9.649649649649650000e+14 3.482095044398354289e-04
9.659659659659660000e+14 3.440335481882206650e-04
9.669669669669670000e+14 3.413983213377941284e-04
9.679679679679680000e+14 3.376143077455173529e-04
9.689689689689690000e+14 3.344125693637337005e-04
9.699699699699700000e+14 3.295582368153195021e-04
9.709709709709710000e+14 3.221248664163951390e-04
9.719719719719720000e+14 3.218912865065106125e-04
9.729729729729730000e+14 3.188527568841344174e-04
9.739739739739740000e+14 3.145261459505527810e-04
9.749749749749750000e+14 3.068922357134117496e-04
9.759759759759760000e+14 3.015619755148800786e-04
9.769769769769770000e+14 2.985770139015777626e-04
9.779779779779780000e+14 2.981288744997888699e-04
9.789789789789790000e+14 2.919610783119664819e-04
9.799799799799800000e+14 2.901445889147261678e-04
9.809809809809810000e+14 2.845388407187533276e-04
9.819819819819820000e+14 2.802599040407956622e-04
9.829829829829830000e+14 2.782105232293386886e-04
9.839839839839840000e+14 2.724322014233397280e-04
9.849849849849850000e+14 2.700073072437269932e-04
9.859859859859860000e+14 2.665008809227314350e-04
9.869869869869870000e+14 2.646031923396766571e-04
9.879879879879880000e+14 2.594261429500384635e-04
9.889889889889890000e+14 2.569379593800372695e-04
9.899899899899900000e+14 2.515323415609820295e-04
9.909909909909910000e+14 2.460230921281752049e-04
9.919919919919920000e+14 2.436353183774928749e-04
9.929929929929930000e+14 2.408799731857243578e-04
9.939939939939940000e+14 2.406406421988781957e-04
9.949949949949950000e+14 2.358892222447107846e-04
9.959959959959960000e+14 2.334787691930950042e-04
9.969969969969970000e+14 2.300566144499909362e-04
9.979979979979980000e+14 2.268607088709705827e-04
9.989989989989990000e+14 2.220406560702642320e-04
1.000000000000000000e+15 2.184453658506821871e-04
