1.000000000000000000e+00 1.683616457596617088e-28
1.001001001002000000e+12 1.680926909759521311e-04
2.002002002003000000e+12 6.670670327734993296e-04
3.003003003004000000e+12 1.489031923095078709e-03
4.004004004005000000e+12 2.626182236400069134e-03
5.005005005006000000e+12 4.070798794339121861e-03
6.006006006007000000e+12 5.815248324378758521e-03
7.007007007008000000e+12 7.851983406632527876e-03
8.008008008009000000e+12 1.017354240891995935e-02
9.009009009010000000e+12 1.277254941007910198e-02
1.001001001001100000e+13 1.564171411156290922e-02
1.101101101101200000e+13 1.877383173735471325e-02
1.201201201201300000e+13 2.216178292224232904e-02
1.301301301301400000e+13 2.579853358849494224e-02
1.401401401401500000e+13 2.967713481099171213e-02
1.501501501501600000e+13 3.379072267085515835e-02
1.601601601601700000e+13 3.813251809764696409e-02
1.701701701701800000e+13 4.269582670018882975e-02
1.801801801801900000e+13 4.747403858607410210e-02
1.901901901902000000e+13 5.246062816994174344e-02
2.002002002002100000e+13 5.764915397058727881e-02
2.102102102102200000e+13 6.303325839699053246e-02
2.202202202202300000e+13 6.860666752334310114e-02
2.302302302302400000e+13 7.436319085316367428e-02
2.402402402402500000e+13 8.029672107259273883e-02
2.502502502502600000e+13 8.640123379296237027e-02
2.602602602602700000e+13 9.267078728274061317e-02
2.702702702702800000e+13 9.909952218895408393e-02
2.802802802802900000e+13 1.056816612481957102e-01
2.902902902903000000e+13 1.124115089873292533e-01
3.003003003003100000e+13 1.192834514140041074e-01
3.103103103103200000e+13 1.262919556970995005e-01
3.203203203203300000e+13 1.334315698372192383e-01
3.303303303303400000e+13 1.406969223273620562e-01
3.403403403403500000e+13 1.480827218038956172e-01
3.503503503503600000e+13 1.555837566879664513e-01
3.603603603603700000e+13 1.631948948174790914e-01
3.703703703703800000e+13 1.709110830697839201e-01
3.803803803803900000e+13 1.787273469752127253e-01
3.903903903904000000e+13 1.866387903216058519e-01
4.004004004004100000e+13 1.946405947499785238e-01
4.104104104104200000e+13 2.027280193414729703e-01
4.204204204204300000e+13 2.108964001957495393e-01
4.304304304304400000e+13 2.191411500009704805e-01
4.404404404404500000e+13 2.274577575955318010e-01
4.504504504504600000e+13 2.358417875217030113e-01
4.604604604604700000e+13 2.442888795713349381e-01
4.704704704704800000e+13 2.527947483237980020e-01
4.804804804804900000e+13 2.613551826763167441e-01
4.904904904905000000e+13 2.699660453668663584e-01
5.005005005005100000e+13 2.786232724897998447e-01
5.105105105105200000e+13 2.873228730043770329e-01
5.205205205205300000e+13 2.960609282363645400e-01
5.305305305305400000e+13 3.048335913728829616e-01
5.405405405405500000e+13 3.136370869506724945e-01
5.505505505505600000e+13 3.224677103379551268e-01
5.605605605605700000e+13 3.313218272100693640e-01
5.705705705705800000e+13 3.401958730190549063e-01
5.805805805805900000e+13 3.490863524573661336e-01
5.905905905906000000e+13 3.579898389158943650e-01
6.006006006006100000e+13 3.669029739364799148e-01
6.106106106106200000e+13 3.758224666590927465e-01
6.206206206206300000e+13 3.847450932638647458e-01
6.306306306306400000e+13 3.936676964081564645e-01
6.406406406406500000e+13 4.025871846588366387e-01
6.506506506506600000e+13 4.115005319199629419e-01
6.606606606606700000e+13 4.204047768560395526e-01
6.706706706706800000e+13 4.292970223110408323e-01
6.806806806806900000e+13 4.381744347233774151e-01
6.906906906907000000e+13 4.470342435369927814e-01
7.007007007007100000e+13 4.558737406087678967e-01
7.107107107107200000e+13 4.646902796124172674e-01
7.207207207207300000e+13 4.734812754390592127e-01
7.307307307307400000e+13 4.822442035946386540e-01
7.407407407407500000e+13 4.909765995943833339e-01
7.507507507507600000e+13 4.996760583544740397e-01
7.607607607607700000e+13 5.083402335811062489e-01
7.707707707707800000e+13 5.169668371571199961e-01
7.807807807807900000e+13 5.255536385263791521e-01
7.907907907908000000e+13 5.340984640760690905e-01
8.008008008008100000e+13 5.425991965170938736e-01
8.108108108108200000e+13 5.510537742627422686e-01
8.208208208208300000e+13 5.594601908057968975e-01
8.308308308308400000e+13 5.678164940942558303e-01
8.408408408408500000e+13 5.761207859058387060e-01
8.508508508508600000e+13 5.843712212214403623e-01
8.608608608608700000e+13 5.925660075977065011e-01
8.708708708708800000e+13 6.007034045388871535e-01
8.808808808808900000e+13 6.087817228681362547e-01
8.908908908909000000e+13 6.167993240984204206e-01
9.009009009009100000e+13 6.247546198031919129e-01
9.109109109109200000e+13 6.326460709869851096e-01
9.209209209209300000e+13 6.404721874560952433e-01
9.309309309309400000e+13 6.482315271894913966e-01
9.409409409409500000e+13 6.559226957101105260e-01
9.509509509509600000e+13 6.635443454566966048e-01
9.609609609609700000e+13 6.710951751563132284e-01
9.709709709709800000e+13 6.785739291976943255e-01
9.809809809809900000e+13 6.859793970055637624e-01
9.909909909910000000e+13 6.933104124160677229e-01
1.001001001001010000e+14 7.005658530534655259e-01
1.011011011011020000e+14 7.077446397082047813e-01
1.021021021021030000e+14 7.148457357165256543e-01
1.031031031031040000e+14 7.218681463417186972e-01
1.041041041041050000e+14 7.288109181571700290e-01
1.051051051051060000e+14 7.356731384313209832e-01
1.061061061061070000e+14 7.424539345146619063e-01
1.071071071071080000e+14 7.491524732288934452e-01
1.081081081081090000e+14 7.557679602583603495e-01
1.091091091091100000e+14 7.622996395438901285e-01
1.101101101101110000e+14 7.687467926791392570e-01
1.111111111111120000e+14 7.751087383095676131e-01
1.121121121121130000e+14 7.813848315341453965e-01
1.131131131131140000e+14 7.875744633099039937e-01
1.141141141141150000e+14 7.936770598594311554e-01
1.151151151151160000e+14 7.996920820814168440e-01
1.161161161161170000e+14 8.056190249643448986e-01
1.171171171171180000e+14 8.114574170034323242e-01
1.181181181181190000e+14 8.172068196209064661e-01
1.191191191191200000e+14 8.228668265897096656e-01
1.201201201201210000e+14 8.284370634607319817e-01
1.211211211211220000e+14 8.339171869936413684e-01
1.221221221221230000e+14 8.393068845914094522e-01
1.231231231231240000e+14 8.446058737386095139e-01
1.241241241241250000e+14 8.498139014435595051e-01
1.251251251251260000e+14 8.549307436844005847e-01
1.261261261261270000e+14 8.599562048591655739e-01
1.271271271271280000e+14 8.648901172399264814e-01
1.281281281281290000e+14 8.697323404310794981e-01
1.291291291291300000e+14 8.744827608318350709e-01
1.301301301301310000e+14 8.791412911029775623e-01
1.311311311311320000e+14 8.837078696379581100e-01
1.321321321321330000e+14 8.881824600383718682e-01
1.331331331331340000e+14 8.925650505938840240e-01
1.341341341341350000e+14 8.968556537666535489e-01
1.351351351351360000e+14 9.010543056803074213e-01
1.361361361361370000e+14 9.051610656135118393e-01
1.371371371371380000e+14 9.091760154981930464e-01
1.381381381381390000e+14 9.130992594224419667e-01
1.391391391391400000e+14 9.169309231381568281e-01
1.401401401401410000e+14 9.206711535734507512e-01
1.411411411411420000e+14 9.243201183498718221e-01
1.421421421421430000e+14 9.278780053044644038e-01
1.431431431431440000e+14 9.313450220167076576e-01
1.441441441441450000e+14 9.347213953403585851e-01
1.451451451451460000e+14 9.380073709402337867e-01
1.461461461461470000e+14 9.412032128339502535e-01
1.471471471471480000e+14 9.443092029386499497e-01
1.481481481481490000e+14 9.473256406227380522e-01
1.491491491491500000e+14 9.502528422626449478e-01
1.501501501501510000e+14 9.530911408046334188e-01
1.511511511511520000e+14 9.558408853316731069e-01
1.521521521521530000e+14 9.585024406353855886e-01
1.531531531531540000e+14 9.610761867930822655e-01
1.541541541541550000e+14 9.635625187499023969e-01
1.551551551551560000e+14 9.659618459060518303e-01
1.561561561561570000e+14 9.682745917091672982e-01
1.571571571571580000e+14 9.705011932517904061e-01
1.581581581581590000e+14 9.726421008739696283e-01
1.591591591591600000e+14 9.746977777709878721e-01
1.601601601601610000e+14 9.766686996062102777e-01
1.611611611611620000e+14 9.785553541290558099e-01
1.621621621621630000e+14 9.803582407980923064e-01
1.631631631631640000e+14 9.820778704092399947e-01
1.641641641641650000e+14 9.837147647290889196e-01
1.651651651651660000e+14 9.852694561333071865e-01
1.661661661661670000e+14 9.867424872501543431e-01
1.671671671671680000e+14 9.881344106090612645e-01
1.681681681681690000e+14 9.894457882942824245e-01
1.691691691691700000e+14 9.906771916036062331e-01
1.701701701701710000e+14 9.918292007120995679e-01
1.711711711711720000e+14 9.929024043408751776e-01
1.721721721721730000e+14 9.938973994308704096e-01
1.731731731731740000e+14 9.948147908216077306e-01
1.741741741741750000e+14 9.956551909349243834e-01
1.751751751751760000e+14 9.964192194636504185e-01
1.761761761761770000e+14 9.971075030652046811e-01
1.771771771771780000e+14 9.977206750601017582e-01
1.781781781781790000e+14 9.982593751353282530e-01
1.791791791791800000e+14 9.987242490525720662e-01
1.801801801801810000e+14 9.991159483612822578e-01
1.811811811811820000e+14 9.994351301165204093e-01
1.821821821821830000e+14 9.996824566015860558e-01
1.831831831831840000e+14 9.998585950553871005e-01
1.841841841841850000e+14 9.999642174045133558e-01
1.851851851851860000e+14 1.000000000000000000e+00
1.861861861861870000e+14 9.999666233587360953e-01
1.871871871871880000e+14 9.998647719094878594e-01
1.881881881881890000e+14 9.996951337435180385e-01
1.891891891891900000e+14 9.994584003697400965e-01
1.901901901901910000e+14 9.991552664744046686e-01
1.911911911911920000e+14 9.987864296852576595e-01
1.921921921921930000e+14 9.983525903401474499e-01
1.931931931931940000e+14 9.978544512600452387e-01
1.941941941941950000e+14 9.972927175264355570e-01
1.951951951951960000e+14 9.966680962630440899e-01
1.961961961961970000e+14 9.959812964218656139e-01
1.971971971971980000e+14 9.952330285734513060e-01
1.981981981981990000e+14 9.944240047014140105e-01
1.991991991992000000e+14 9.935549380011253762e-01
2.002002002002010000e+14 9.926265426825469085e-01
2.012012012012020000e+14 9.916395337771711782e-01
2.022022022022030000e+14 9.905946269490217837e-01
2.032032032032040000e+14 9.894925383096783156e-01
2.042042042042050000e+14 9.883339842372804718e-01
2.052052052052060000e+14 9.871196811994779052e-01
2.062062062062070000e+14 9.858503455802747339e-01
2.072072072072080000e+14 9.845266935107329642e-01
2.082082082082090000e+14 9.831494407034915284e-01
2.092092092092100000e+14 9.817193022910611910e-01
2.102102102102110000e+14 9.802369926678459189e-01
2.112112112112120000e+14 9.787032253358586287e-01
2.122122122122130000e+14 9.771187127540824635e-01
2.132132132132140000e+14 9.754841661914315232e-01
2.142142142142150000e+14 9.738002955832785190e-01
2.152152152152160000e+14 9.720678093914957296e-01
2.162162162162170000e+14 9.702874144679759505e-01
2.172172172172180000e+14 9.684598159215831448e-01
2.182182182182190000e+14 9.665857169884920497e-01
2.192192192192200000e+14 9.646658189058752164e-01
2.202202202202210000e+14 9.627008207888941849e-01
2.212212212212220000e+14 9.606914195109487187e-01
2.222222222222230000e+14 9.586383095871467974e-01
2.232232232232240000e+14 9.565421830609470710e-01
2.242242242242250000e+14 9.544037293939313660e-01
2.252252252252260000e+14 9.522236353586721602e-01
2.262262262262270000e+14 9.500025849346386275e-01
2.272272272272280000e+14 9.477412592071102759e-01
2.282282282282290000e+14 9.454403362690551038e-01
2.292292292292300000e+14 9.431004911259202039e-01
2.302302302302310000e+14 9.407223956033026191e-01
2.312312312312320000e+14 9.383067182574557075e-01
2.322322322322330000e+14 9.358541242885832778e-01
2.332332332332340000e+14 9.333652754568928511e-01
2.342342342342350000e+14 9.308408300013516490e-01
2.352352352352360000e+14 9.282814425611116693e-01
2.362362362362370000e+14 9.256877640995651024e-01
2.372372372372380000e+14 9.230604418309843462e-01
2.382382382382390000e+14 9.204001191497022116e-01
2.392392392392400000e+14 9.177074355618073387e-01
2.402402402402410000e+14 9.149830266192943151e-01
2.412412412412420000e+14 9.122275238566450728e-01
2.422422422422430000e+14 9.094415547297916014e-01
2.432432432432440000e+14 9.066257425574221207e-01
2.442442442442450000e+14 9.037807064646012911e-01
2.452452452452460000e+14 9.009070613286499496e-01
2.462462462462470000e+14 8.980054177272551730e-01
2.472472472472480000e+14 8.950763818887723655e-01
2.482482482482490000e+14 8.921205556446780705e-01
2.492492492492500000e+14 8.891385363841372014e-01
2.502502502502510000e+14 8.861309170106467237e-01
2.512512512512520000e+14 8.830982859007187047e-01
2.522522522522530000e+14 8.800412268645676495e-01
2.532532532532540000e+14 8.769603191087617100e-01
2.542542542542550000e+14 8.738561372008047945e-01
2.552552552552560000e+14 8.707292510356130499e-01
2.562562562562570000e+14 8.675802258038489700e-01
2.572572572572580000e+14 8.644096219620790444e-01
2.582582582582590000e+14 8.612179952047196441e-01
2.592592592592600000e+14 8.580058964377356157e-01
2.602602602602610000e+14 8.547738717540597220e-01
2.612612612612620000e+14 8.515224624106974005e-01
2.622622622622630000e+14 8.482522048074807586e-01
2.632632632632640000e+14 8.449636304674461584e-01
2.642642642642650000e+14 8.416572660187933153e-01
2.652652652652660000e+14 8.383336331783994844e-01
2.662662662662670000e+14 8.349932487368553202e-01
2.672672672672680000e+14 8.316366245449897665e-01
2.682682682682690000e+14 8.282642675018536682e-01
2.692692692692700000e+14 8.248766795441287991e-01
2.702702702702710000e+14 8.214743576369331057e-01
2.712712712712720000e+14 8.180577937659950782e-01
2.722722722722730000e+14 8.146274749311595009e-01
2.732732732732740000e+14 8.111838831412032658e-01
2.742742742742750000e+14 8.077274954099258331e-01
2.752752752752760000e+14 8.042587837534885820e-01
2.762762762762770000e+14 8.007782151889735189e-01
2.772772772772780000e+14 7.972862517341328115e-01
2.782782782782790000e+14 7.937833504083038338e-01
2.792792792792800000e+14 7.902699632344574177e-01
2.802802802802810000e+14 7.867465372423567693e-01
2.812812812812820000e+14 7.832135144727980780e-01
2.822822822822830000e+14 7.796713319829079447e-01
2.832832832832840000e+14 7.761204218524659915e-01
2.842842842842850000e+14 7.725612111912388835e-01
2.852852852852860000e+14 7.689941221472879063e-01
2.862862862862870000e+14 7.654195719162298905e-01
2.872872872872880000e+14 7.618379727514295041e-01
2.882882882882890000e+14 7.582497319750960418e-01
2.892892892892900000e+14 7.546552519902605116e-01
2.902902902902910000e+14 7.510549302936077032e-01
2.912912912912920000e+14 7.474491594891488067e-01
2.922922922922930000e+14 7.438383273026971665e-01
2.932932932932940000e+14 7.402228165971385110e-01
2.942942942942950000e+14 7.366030053884632389e-01
2.952952952952960000e+14 7.329792668625482177e-01
2.962962962962970000e+14 7.293519693926576730e-01
2.972972972972980000e+14 7.257214765576462945e-01
2.982982982982990000e+14 7.220881471608430191e-01
2.992992992993000000e+14 7.184523352496000603e-01
3.003003003003010000e+14 7.148143901354724328e-01
3.013013013013020000e+14 7.111746564150279726e-01
3.023023023023030000e+14 7.075334739912525484e-01
3.033033033033040000e+14 7.038911780955354747e-01
3.043043043043050000e+14 7.002480993102224716e-01
3.053053053053060000e+14 6.966045635917063050e-01
3.063063063063070000e+14 6.929608922940505567e-01
3.073073073073080000e+14 6.893174021931148809e-01
3.083083083083090000e+14 6.856744055111716474e-01
3.093093093093100000e+14 6.820322099419960926e-01
3.103103103103110000e+14 6.783911186764138845e-01
3.113113113113120000e+14 6.747514304282808961e-01
3.123123123123130000e+14 6.711134394608943010e-01
3.133133133133140000e+14 6.674774356138013509e-01
3.143143143143150000e+14 6.638437043300050577e-01
3.153153153153160000e+14 6.602125266835384698e-01
3.163163163163170000e+14 6.565841794074017690e-01
3.173173173173180000e+14 6.529589349218449801e-01
3.183183183183190000e+14 6.493370613629760868e-01
3.193193193193200000e+14 6.457188226116858942e-01
3.203203203203210000e+14 6.421044783228755382e-01
3.213213213213220000e+14 6.384942839549681004e-01
3.223223223223230000e+14 6.348884907996933391e-01
3.233233233233240000e+14 6.312873460121363189e-01
3.243243243243250000e+14 6.276910926410264047e-01
3.253253253253260000e+14 6.240999696592662849e-01
3.263263263263270000e+14 6.205142119946743806e-01
3.273273273273280000e+14 6.169340505609476333e-01
3.283283283283290000e+14 6.133597122888062581e-01
3.293293293293300000e+14 6.097914201573372273e-01
3.303303303303310000e+14 6.062293932254992912e-01
3.313313313313320000e+14 6.026738466637990843e-01
3.323323323323330000e+14 5.991249917861123375e-01
3.333333333333340000e+14 5.955830360816426472e-01
3.343343343343350000e+14 5.920481832470195771e-01
3.353353353353360000e+14 5.885206332185007883e-01
3.363363363363370000e+14 5.850005822042928516e-01
3.373373373373380000e+14 5.814882227169704265e-01
3.383383383383390000e+14 5.779837436059742650e-01
3.393393393393400000e+14 5.744873300902001434e-01
3.403403403403410000e+14 5.709991637906496331e-01
3.413413413413420000e+14 5.675194227631410460e-01
3.423423423423430000e+14 5.640482815310795539e-01
3.433433433433440000e+14 5.605859111182581733e-01
3.443443443443450000e+14 5.571324790817065997e-01
3.453453453453460000e+14 5.536881495445502566e-01
3.463463463463470000e+14 5.502530832289043161e-01
3.473473473473480000e+14 5.468274374887611700e-01
3.483483483483490000e+14 5.434113663428913332e-01
3.493493493493500000e+14 5.400050205077350229e-01
3.503503503503510000e+14 5.366085474302796365e-01
3.513513513513520000e+14 5.332220913209192448e-01
3.523523523523530000e+14 5.298457931862843306e-01
3.533533533533540000e+14 5.264797908620421074e-01
3.543543543543550000e+14 5.231242190456522057e-01
3.553553553553560000e+14 5.197792093290752868e-01
3.563563563563570000e+14 5.164448902314340284e-01
3.573573573573580000e+14 5.131213872316054969e-01
3.583583583583590000e+14 5.098088228007546796e-01
3.593593593593600000e+14 5.065073164347984047e-01
3.603603603603610000e+14 5.032169846867831087e-01
3.613613613613620000e+14 4.999379411991907718e-01
3.623623623623630000e+14 4.966702967361486531e-01
3.633633633633640000e+14 4.934141592155544265e-01
3.643643643643650000e+14 4.901696337410935689e-01
3.653653653653660000e+14 4.869368226341603823e-01
3.663663663663670000e+14 4.837158254656741541e-01
3.673673673673680000e+14 4.805067390877711953e-01
3.683683683683690000e+14 4.773096576653939604e-01
3.693693693693700000e+14 4.741246727077502165e-01
3.703703703703710000e+14 4.709518730996486435e-01
3.713713713713720000e+14 4.677913451327081473e-01
3.723723723723730000e+14 4.646431725364305043e-01
3.733733733733740000e+14 4.615074365091371700e-01
3.743743743743750000e+14 4.583842157487649227e-01
3.753753753753760000e+14 4.552735864835171231e-01
3.763763763763770000e+14 4.521756225023705889e-01
3.773773773773780000e+14 4.490903951854227638e-01
3.783783783783790000e+14 4.460179735340965568e-01
3.793793793793800000e+14 4.429584242011749273e-01
3.803803803803810000e+14 4.399118115206871460e-01
3.813813813813820000e+14 4.368781975376216375e-01
3.823823823823830000e+14 4.338576420374805065e-01
3.833833833833840000e+14 4.308502025756615894e-01
3.843843843843850000e+14 4.278559345066674791e-01
3.853853853853860000e+14 4.248748910131486256e-01
3.863863863863870000e+14 4.219071231347591988e-01
3.873873873873880000e+14 4.189526797968440297e-01
3.883883883883890000e+14 4.160116078389433647e-01
3.893893893893900000e+14 4.130839520431093814e-01
3.903903903903910000e+14 4.101697551620465121e-01
3.913913913913920000e+14 4.072690579470596428e-01
3.923923923923930000e+14 4.043818991758156844e-01
3.933933933933940000e+14 4.015083156799185149e-01
3.943943943943950000e+14 3.986483423722858022e-01
3.953953953953960000e+14 3.958020122743424740e-01
3.963963963963970000e+14 3.929693565430087965e-01
3.973973973973980000e+14 3.901504044975014907e-01
3.983983983983990000e+14 3.873451836459358422e-01
3.993993993994000000e+14 3.845537197117245287e-01
4.004004004004010000e+14 3.817760366597852673e-01
4.014014014014020000e+14 3.790121567225413490e-01
4.024024024024030000e+14 3.762621004257241109e-01
4.034034034034040000e+14 3.735258866139720690e-01
4.044044044044050000e+14 3.708035324762276597e-01
4.054054054054060000e+14 3.680950535709296423e-01
4.064064064064070000e+14 3.654004638509987246e-01
4.074074074074080000e+14 3.627197756886244018e-01
4.084084084084090000e+14 3.600529998998356351e-01
4.094094094094100000e+14 3.574001457688745220e-01
4.104104104104110000e+14 3.547612210723603554e-01
4.114114114114120000e+14 3.521362321032414644e-01
4.124124124124130000e+14 3.495251836945476587e-01
4.134134134134140000e+14 3.469280792429266236e-01
4.144144144144150000e+14 3.443449207319794758e-01
4.154154154154160000e+14 3.417757087553825457e-01
4.164164164164170000e+14 3.392204425398015477e-01
4.174174174174180000e+14 3.366791199676014701e-01
4.184184184184190000e+14 3.341517375993404704e-01
4.194194194194200000e+14 3.316382906960624877e-01
4.204204204204210000e+14 3.291387732413760259e-01
4.214214214214220000e+14 3.266531779633265464e-01
4.224224224224230000e+14 3.241814963560618046e-01
4.234234234234240000e+14 3.217237187012860211e-01
4.244244244244250000e+14 3.192798340895088849e-01
4.254254254254260000e+14 3.168498304410850008e-01
4.264264264264270000e+14 3.144336945270472250e-01
4.274274274274280000e+14 3.120314119897341643e-01
4.284284284284290000e+14 3.096429673632064006e-01
4.294294294294300000e+14 3.072683440934639298e-01
4.304304304304310000e+14 3.049075245584502714e-01
4.314314314314320000e+14 3.025604900878568482e-01
4.324324324324330000e+14 3.002272209827210325e-01
4.334334334334340000e+14 2.979076965348195216e-01
4.344344344344350000e+14 2.956018950458588201e-01
4.354354354354360000e+14 2.933097938464620524e-01
4.364364364364370000e+14 2.910313693149569336e-01
4.374374374374380000e+14 2.887665968959559626e-01
4.384384384384390000e+14 2.865154511187417152e-01
4.394394394394400000e+14 2.842779056154509099e-01
4.404404404404410000e+14 2.820539331390555793e-01
4.414414414414420000e+14 2.798435055811502870e-01
4.424424424424430000e+14 2.776465939895397805e-01
4.434434434434440000e+14 2.754631685856283041e-01
4.444444444444450000e+14 2.732931987816170083e-01
4.454454454454460000e+14 2.711366531975010763e-01
4.464464464464470000e+14 2.689934996778787224e-01
4.474474474474480000e+14 2.668637053085607946e-01
4.484484484484490000e+14 2.647472364329917505e-01
4.494494494494500000e+14 2.626440586684810619e-01
4.504504504504510000e+14 2.605541369222382775e-01
4.514514514514520000e+14 2.584774354072253422e-01
4.524524524524530000e+14 2.564139176578160151e-01
4.534534534534540000e+14 2.543635465452706579e-01
4.544544544544550000e+14 2.523262842930238392e-01
4.554554554554560000e+14 2.503020924917869761e-01
4.564564564564570000e+14 2.482909321144673165e-01
4.574574574574580000e+14 2.462927635309022922e-01
4.584584584584590000e+14 2.443075465224164300e-01
4.594594594594600000e+14 2.423352402961910790e-01
4.604604604604610000e+14 2.403758034994603054e-01
4.614614614614620000e+14 2.384291942335270142e-01
4.624624624624630000e+14 2.364953700675985759e-01
4.634634634634640000e+14 2.345742880524515073e-01
4.644644644644650000e+14 2.326659047339168507e-01
4.654654654654660000e+14 2.307701761661950512e-01
4.664664664664670000e+14 2.288870579249970838e-01
4.674674674674680000e+14 2.270165051205129680e-01
4.684684684684690000e+14 2.251584724102139445e-01
4.694694694694700000e+14 2.233129140114810118e-01
4.704704704704710000e+14 2.214797837140696501e-01
4.714714714714720000e+14 2.196590348924083169e-01
4.724724724724730000e+14 2.178506205177273003e-01
4.734734734734740000e+14 2.160544931700296711e-01
4.744744744744750000e+14 2.142706050498956183e-01
4.754754754754760000e+14 2.124989079901270783e-01
4.764764764764770000e+14 2.107393534672316604e-01
4.774774774774780000e+14 2.089918926127478094e-01
4.784784784784790000e+14 2.072564762244143988e-01
4.794794794794800000e+14 2.055330547771792860e-01
4.804804804804810000e+14 2.038215784340595416e-01
4.814814814814820000e+14 2.021219970568414459e-01
4.824824824824830000e+14 2.004342602166321596e-01
4.834834834834840000e+14 1.987583172042600155e-01
4.844844844844850000e+14 1.970941170405230425e-01
4.854854854854860000e+14 1.954416084862905245e-01
4.864864864864870000e+14 1.938007400524564272e-01
4.874874874874880000e+14 1.921714600097479131e-01
4.884884884884890000e+14 1.905537163983881122e-01
4.894894894894900000e+14 1.889474570376156182e-01
4.904904904904910000e+14 1.873526295350634585e-01
4.914914914914920000e+14 1.857691812959942346e-01
4.924924924924930000e+14 1.841970595323989546e-01
4.934934934934940000e+14 1.826362112719557007e-01
4.944944944944950000e+14 1.810865833668513503e-01
4.954954954954960000e+14 1.795481225024692651e-01
4.964964964964970000e+14 1.780207752059399240e-01
4.974974974974980000e+14 1.765044878545621587e-01
4.984984984984990000e+14 1.749992066840880267e-01
4.994994994995000000e+14 1.735048777968806188e-01
5.005005005005010000e+14 1.720214471699425540e-01
5.015015015015020000e+14 1.705488606628130233e-01
5.025025025025030000e+14 1.690870640253425983e-01
5.035035035035040000e+14 1.676360029053395317e-01
5.045045045045050000e+14 1.661956228560921844e-01
5.055055055055060000e+14 1.647658693437703548e-01
5.065065065065070000e+14 1.633466877547023743e-01
5.075075075075080000e+14 1.619380234025337151e-01
5.085085085085090000e+14 1.605398215352649427e-01
5.095095095095100000e+14 1.591520273421724307e-01
5.105105105105110000e+14 1.577745859606131396e-01
5.115115115115120000e+14 1.564074424827110454e-01
5.125125125125130000e+14 1.550505419619333802e-01
5.135135135135140000e+14 1.537038294195493260e-01
5.145145145145150000e+14 1.523672498509806850e-01
5.155155155155160000e+14 1.510407482320392236e-01
5.165165165165170000e+14 1.497242695250561584e-01
5.175175175175180000e+14 1.484177586849025066e-01
5.185185185185190000e+14 1.471211606649022452e-01
5.195195195195200000e+14 1.458344204226409424e-01
5.205205205205210000e+14 1.445574829256672800e-01
5.215215215215220000e+14 1.432902931570931571e-01
5.225225225225230000e+14 1.420327961210912648e-01
5.235235235235240000e+14 1.407849368482890773e-01
5.245245245245250000e+14 1.395466604010661693e-01
5.255255255255260000e+14 1.383179118787502271e-01
5.265265265265270000e+14 1.370986364227156362e-01
5.275275275275280000e+14 1.358887792213865353e-01
5.285285285285290000e+14 1.346882855151426417e-01
5.295295295295300000e+14 1.334971006011329564e-01
5.305305305305310000e+14 1.323151698379928798e-01
5.315315315315320000e+14 1.311424386504731199e-01
5.325325325325330000e+14 1.299788525339737322e-01
5.335335335335340000e+14 1.288243570589906184e-01
5.345345345345350000e+14 1.276788978754725135e-01
5.355355355355360000e+14 1.265424207170896820e-01
5.365365365365370000e+14 1.254148714054162950e-01
5.375375375375380000e+14 1.242961958540264866e-01
5.385385385385390000e+14 1.231863400725067559e-01
5.395395395395400000e+14 1.220852501703840326e-01
5.405405405405410000e+14 1.209928723609709489e-01
5.415415415415420000e+14 1.199091529651308552e-01
5.425425425425430000e+14 1.188340384149603884e-01
5.435435435435440000e+14 1.177674752573939915e-01
5.445445445445450000e+14 1.167094101577303006e-01
5.455455455455460000e+14 1.156597899030788329e-01
5.465465465465470000e+14 1.146185614057329688e-01
5.475475475475480000e+14 1.135856717064651078e-01
5.485485485485490000e+14 1.125610679777493822e-01
5.495495495495500000e+14 1.115446975269085289e-01
5.505505505505510000e+14 1.105365077991899703e-01
5.515515515515520000e+14 1.095364463807702304e-01
5.525525525525530000e+14 1.085444610016867428e-01
5.535535535535540000e+14 1.075604995387024615e-01
5.545545545545550000e+14 1.065845100181000427e-01
5.555555555555560000e+14 1.056164406184081500e-01
5.565565565565570000e+14 1.046562396730618683e-01
5.575575575575580000e+14 1.037038556729959204e-01
5.585585585585590000e+14 1.027592372691733535e-01
5.595595595595600000e+14 1.018223332750495258e-01
5.605605605605610000e+14 1.008930926689729779e-01
5.615615615615620000e+14 9.997146459652435369e-02
5.625625625625630000e+14 9.905739837279189941e-02
5.635635635635640000e+14 9.815084348458870400e-02
5.645645645645650000e+14 9.725174959260743379e-02
5.655655655655660000e+14 9.636006653351784912e-02
5.665665665665670000e+14 9.547574432200575667e-02
5.675675675675680000e+14 9.459873315275331429e-02
5.685685685685690000e+14 9.372898340236478221e-02
5.695695695695700000e+14 9.286644563123423735e-02
5.705705705705710000e+14 9.201107058536034389e-02
5.715715715715720000e+14 9.116280919810554328e-02
5.725725725725730000e+14 9.032161259190309155e-02
5.735735735735740000e+14 8.948743207991002868e-02
5.745745745745750000e+14 8.866021916760934152e-02
5.755755755755760000e+14 8.783992555436150040e-02
5.765765765765770000e+14 8.702650313490413458e-02
5.775775775775780000e+14 8.621990400080351002e-02
5.785785785785790000e+14 8.542008044185743498e-02
5.795795795795800000e+14 8.462698494744830269e-02
5.805805805805810000e+14 8.384057020785130876e-02
5.815815815815820000e+14 8.306078911549377719e-02
5.825825825825830000e+14 8.228759476617013291e-02
5.835835835835840000e+14 8.152094046021152174e-02
5.845845845845850000e+14 8.076077970360975855e-02
5.855855855855860000e+14 8.000706620909966982e-02
5.865865865865870000e+14 7.925975389719565334e-02
5.875875875875880000e+14 7.851879689718882505e-02
5.885885885885890000e+14 7.778414954809959037e-02
5.895895895895900000e+14 7.705576639959123286e-02
5.905905905905910000e+14 7.633360221284199443e-02
5.915915915915920000e+14 7.561761196137829766e-02
5.925925925925930000e+14 7.490775083186741734e-02
5.935935935935940000e+14 7.420397422487316763e-02
5.945945945945950000e+14 7.350623775557342532e-02
5.955955955955960000e+14 7.281449725443936427e-02
5.965965965965970000e+14 7.212870876787937091e-02
5.975975975975980000e+14 7.144882855884691908e-02
5.985985985985990000e+14 7.077481310741171039e-02
5.995995995996000000e+14 7.010661911129745238e-02
6.006006006006010000e+14 6.944420348638526141e-02
6.016016016016020000e+14 6.878752336718231553e-02
6.026026026026030000e+14 6.813653610725918519e-02
6.036036036036040000e+14 6.749119927965278876e-02
6.046046046046050000e+14 6.685147067723946901e-02
6.056056056056060000e+14 6.621730831307473530e-02
6.066066066066070000e+14 6.558867042070352926e-02
6.076076076076080000e+14 6.496551545444019526e-02
6.086086086086090000e+14 6.434780208961765613e-02
6.096096096096100000e+14 6.373548922280843076e-02
6.106106106106110000e+14 6.312853597201698030e-02
6.116116116116120000e+14 6.252690167684291089e-02
6.126126126126130000e+14 6.193054589861759357e-02
6.136136136136140000e+14 6.133942842051347266e-02
6.146146146146150000e+14 6.075350924762592392e-02
6.156156156156160000e+14 6.017274860702984812e-02
6.166166166166170000e+14 5.959710694781077123e-02
6.176176176176180000e+14 5.902654494106946564e-02
6.186186186186190000e+14 5.846102347990328463e-02
6.196196196196200000e+14 5.790050367936285663e-02
6.206206206206210000e+14 5.734494687638419519e-02
6.216216216216220000e+14 5.679431462969909694e-02
6.226226226226230000e+14 5.624856871972087891e-02
6.236236236236240000e+14 5.570767114840904227e-02
6.246246246246250000e+14 5.517158413911176645e-02
6.256256256256260000e+14 5.464027013638587948e-02
6.266266266266270000e+14 5.411369180579735788e-02
6.276276276276280000e+14 5.359181203369950408e-02
6.286286286286290000e+14 5.307459392699188233e-02
6.296296296296300000e+14 5.256200081285950648e-02
6.306306306306310000e+14 5.205399623849156499e-02
6.316316316316320000e+14 5.155054397078213252e-02
6.326326326326330000e+14 5.105160799601202865e-02
6.336336336336340000e+14 5.055715251951185124e-02
6.346346346346350000e+14 5.006714196530783617e-02
6.356356356356360000e+14 4.958154097574981461e-02
6.366366366366370000e+14 4.910031441112255868e-02
6.376376376376380000e+14 4.862342734923951609e-02
6.386386386386390000e+14 4.815084508502102956e-02
6.396396396396400000e+14 4.768253313005638150e-02
6.406406406406410000e+14 4.721845721214956021e-02
6.416416416416420000e+14 4.675858327485078042e-02
6.426426426426430000e+14 4.630287747697185707e-02
6.436436436436440000e+14 4.585130619208831887e-02
6.446446446446450000e+14 4.540383600802577746e-02
6.456456456456460000e+14 4.496043372633352214e-02
6.466466466466470000e+14 4.452106636174424370e-02
6.476476476476480000e+14 4.408570114161970699e-02
6.486486486486490000e+14 4.365430550538480087e-02
6.496496496496500000e+14 4.322684710394755769e-02
6.506506506506510000e+14 4.280329379910774446e-02
6.516516516516520000e+14 4.238361366295304022e-02
6.526526526526530000e+14 4.196777497724386158e-02
6.536536536536540000e+14 4.155574623278593394e-02
6.546546546546550000e+14 4.114749612879244067e-02
6.556556556556560000e+14 4.074299357223542389e-02
6.566566566566570000e+14 4.034220767718561806e-02
6.576576576576580000e+14 3.994510776414330472e-02
6.586586586586590000e+14 3.955166335935793309e-02
6.596596596596600000e+14 3.916184419413885204e-02
6.606606606606610000e+14 3.877562020415606381e-02
6.616616616616620000e+14 3.839296152873218626e-02
6.626626626626630000e+14 3.801383851012499898e-02
6.636636636636640000e+14 3.763822169280139907e-02
6.646646646646650000e+14 3.726608182270315511e-02
6.656656656656660000e+14 3.689738984650424436e-02
6.666666666666670000e+14 3.653211691086013374e-02
6.676676676676680000e+14 3.617023436164997635e-02
6.686686686686690000e+14 3.581171374321008571e-02
6.696696696696700000e+14 3.545652679756138015e-02
6.706706706706710000e+14 3.510464546362909721e-02
6.716716716716720000e+14 3.475604187645629783e-02
6.726726726726730000e+14 3.441068836640991113e-02
6.736736736736740000e+14 3.406855745838124894e-02
6.746746746746750000e+14 3.372962187098020592e-02
6.756756756756760000e+14 3.339385451572298574e-02
6.766766766766770000e+14 3.306122849621498383e-02
6.776776776776780000e+14 3.273171710732736273e-02
6.786786786786790000e+14 3.240529383436877020e-02
6.796796796796800000e+14 3.208193235225178380e-02
6.806806806806810000e+14 3.176160652465463696e-02
6.816816816816820000e+14 3.144429040317791441e-02
6.826826826826830000e+14 3.112995822649679278e-02
6.836836836836840000e+14 3.081858441950906941e-02
6.846846846846850000e+14 3.051014359247902763e-02
6.856856856856860000e+14 3.020461054017697239e-02
6.866866866866870000e+14 2.990196024101576810e-02
6.876876876876880000e+14 2.960216785618242918e-02
6.886886886886890000e+14 2.930520872876754557e-02
6.896896896896900000e+14 2.901105838289065944e-02
6.906906906906910000e+14 2.871969252282269638e-02
6.916916916916920000e+14 2.843108703210564525e-02
6.926926926926930000e+14 2.814521797266886227e-02
6.936936936936940000e+14 2.786206158394347737e-02
6.946946946946950000e+14 2.758159428197354268e-02
6.956956956956960000e+14 2.730379265852534570e-02
6.966966966966970000e+14 2.702863348019450204e-02
6.976976976976980000e+14 2.675609368751058828e-02
6.986986986986990000e+14 2.648615039404025179e-02
6.996996996997000000e+14 2.621878088548854069e-02
7.007007007007010000e+14 2.595396261879820421e-02
7.017017017017020000e+14 2.569167322124811872e-02
7.027027027027030000e+14 2.543189048954971540e-02
7.037037037037040000e+14 2.517459238894258211e-02
7.047047047047050000e+14 2.491975705228881288e-02
7.057057057057060000e+14 2.466736277916667386e-02
7.067067067067070000e+14 2.441738803496267679e-02
7.077077077077080000e+14 2.416981144996371497e-02
7.087087087087090000e+14 2.392461181844821386e-02
7.097097097097100000e+14 2.368176809777673003e-02
7.107107107107110000e+14 2.344125940748251202e-02
7.117117117117120000e+14 2.320306502836120763e-02
7.127127127127130000e+14 2.296716440156108818e-02
7.137137137137140000e+14 2.273353712767262752e-02
7.147147147147150000e+14 2.250216296581848338e-02
7.157157157157160000e+14 2.227302183274367658e-02
7.167167167167170000e+14 2.204609380190567305e-02
7.177177177177180000e+14 2.182135910256518055e-02
7.187187187187190000e+14 2.159879811887723336e-02
7.197197197197200000e+14 2.137839138898293620e-02
7.207207207207210000e+14 2.116011960410176668e-02
7.217217217217220000e+14 2.094396360762450920e-02
7.227227227227230000e+14 2.072990439420729220e-02
7.237237237237240000e+14 2.051792310886635731e-02
7.247247247247250000e+14 2.030800104607378628e-02
7.257257257257260000e+14 2.010011964885469876e-02
7.267267267267270000e+14 1.989426050788488734e-02
7.277277277277280000e+14 1.969040536059041974e-02
7.287287287287290000e+14 1.948853609024824365e-02
7.297297297297300000e+14 1.928863472508818289e-02
7.307307307307310000e+14 1.909068343739660917e-02
7.317317317317320000e+14 1.889466454262145323e-02
7.327327327327330000e+14 1.870056049847890201e-02
7.337337337337340000e+14 1.850835390406190689e-02
7.347347347347350000e+14 1.831802749895034693e-02
7.357357357357360000e+14 1.812956416232317999e-02
7.367367367367370000e+14 1.794294691207221765e-02
7.377377377377380000e+14 1.775815890391812396e-02
7.387387387387390000e+14 1.757518343052847515e-02
7.397397397397400000e+14 1.739400392063757475e-02
7.407407407407410000e+14 1.721460393816890214e-02
7.417417417417420000e+14 1.703696718135930960e-02
7.427427427427430000e+14 1.686107748188581806e-02
7.437437437437440000e+14 1.668691880399454999e-02
7.447447447447450000e+14 1.651447524363231639e-02
7.457457457457460000e+14 1.634373102758012244e-02
7.467467467467470000e+14 1.617467051258968114e-02
7.477477477477480000e+14 1.600727818452218898e-02
7.487487487487490000e+14 1.584153865748975584e-02
7.497497497497500000e+14 1.567743667299949240e-02
7.507507507507510000e+14 1.551495709910022218e-02
7.517517517517520000e+14 1.535408492953188250e-02
7.527527527527530000e+14 1.519480528287781365e-02
7.537537537537540000e+14 1.503710340171975947e-02
7.547547547547550000e+14 1.488096465179585687e-02
7.557557557557560000e+14 1.472637452116125518e-02
7.567567567567570000e+14 1.457331861935191528e-02
7.577577577577580000e+14 1.442178267655137847e-02
7.587587587587590000e+14 1.427175254276026074e-02
7.597597597597600000e+14 1.412321418696921294e-02
7.607607607607610000e+14 1.397615369633456103e-02
7.617617617617620000e+14 1.383055727535731534e-02
7.627627627627630000e+14 1.368641124506522928e-02
7.637637637637640000e+14 1.354370204219808825e-02
7.647647647647650000e+14 1.340241621839614872e-02
7.657657657657660000e+14 1.326254043939178659e-02
7.667667667667670000e+14 1.312406148420453174e-02
7.677677677677680000e+14 1.298696624433927881e-02
7.687687687687690000e+14 1.285124172298788767e-02
7.697697697697700000e+14 1.271687503423422384e-02
7.707707707707710000e+14 1.258385340226224162e-02
7.717717717717720000e+14 1.245216416056783675e-02
7.727727727727730000e+14 1.232179475117394125e-02
7.737737737737740000e+14 1.219273272384903926e-02
7.747747747747750000e+14 1.206496573532931695e-02
7.757757757757760000e+14 1.193848154854398880e-02
7.767767767767770000e+14 1.181326803184449756e-02
7.777777777777780000e+14 1.168931315823691121e-02
7.787787787787790000e+14 1.156660500461807739e-02
7.797797797797800000e+14 1.144513175101530278e-02
7.807807807807810000e+14 1.132488167982945854e-02
7.817817817817820000e+14 1.120584317508186052e-02
7.827827827827830000e+14 1.108800472166472477e-02
7.837837837837840000e+14 1.097135490459515660e-02
7.847847847847850000e+14 1.085588240827278783e-02
7.857857857857860000e+14 1.074157601574117146e-02
7.867867867867870000e+14 1.062842460795274287e-02
7.877877877877880000e+14 1.051641716303741876e-02
7.887887887887890000e+14 1.040554275557512010e-02
7.897897897897900000e+14 1.029579055587155102e-02
7.907907907907910000e+14 1.018714982923810478e-02
7.917917917917920000e+14 1.007960993527527542e-02
7.927927927927930000e+14 9.973160327159804467e-03
7.937937937937940000e+14 9.867790550935645610e-03
7.947947947947950000e+14 9.763490244808497795e-03
7.957957957957960000e+14 9.660249138444303857e-03
7.967967967967970000e+14 9.558057052271255044e-03
7.977977977977980000e+14 9.456903896785743766e-03
7.987987987987990000e+14 9.356779671862030384e-03
7.997997997998000000e+14 9.257674466065556398e-03
8.008008008008010000e+14 9.159578455970169425e-03
8.018018018018020000e+14 9.062481905479098654e-03
8.028028028028030000e+14 8.966375165149564549e-03
8.038038038038040000e+14 8.871248671521392293e-03
8.048048048048050000e+14 8.777092946449172733e-03
8.058058058058060000e+14 8.683898596438355960e-03
8.068068068068070000e+14 8.591656311985081465e-03
8.078078078078080000e+14 8.500356866919731025e-03
8.088088088088090000e+14 8.409991117754441955e-03
8.098098098098100000e+14 8.320550003034086345e-03
8.108108108108110000e+14 8.232024542691339028e-03
8.118118118118120000e+14 8.144405837405350318e-03
8.128128128128130000e+14 8.057685067964240333e-03
8.138138138138140000e+14 7.971853494631397571e-03
8.148148148148150000e+14 7.886902456515474183e-03
8.158158158158160000e+14 7.802823370944188090e-03
8.168168168168170000e+14 7.719607732841884257e-03
8.178178178178180000e+14 7.637247114110923621e-03
8.188188188188190000e+14 7.555733163016662909e-03
8.198198198198200000e+14 7.475057603576355791e-03
8.208208208208210000e+14 7.395212234951690014e-03
8.218218218218220000e+14 7.316188930845155675e-03
8.228228228228230000e+14 7.237979638900057279e-03
8.238238238238240000e+14 7.160576380104283212e-03
8.248248248248250000e+14 7.083971248197846494e-03
8.258258258258260000e+14 7.008156409084082342e-03
8.268268268268270000e+14 6.933124100244569300e-03
8.278278278278280000e+14 6.858866630157851169e-03
8.288288288288290000e+14 6.785376377721623158e-03
8.298298298298300000e+14 6.712645791678837660e-03
8.308308308308310000e+14 6.640667390047379215e-03
8.318318318318320000e+14 6.569433759553424887e-03
8.328328328328330000e+14 6.498937555068494409e-03
8.338338338338340000e+14 6.429171499050111149e-03
8.348348348348350000e+14 6.360128380986109463e-03
8.358358358358360000e+14 6.291801056842622267e-03
8.368368368368370000e+14 6.224182448515648211e-03
8.378378378378380000e+14 6.157265543286299936e-03
8.388388388388390000e+14 6.091043393279533917e-03
8.398398398398400000e+14 6.025509114926596958e-03
8.408408408408410000e+14 5.960655888431034069e-03
8.418418418418420000e+14 5.896476957238184873e-03
8.428428428428430000e+14 5.832965627508380178e-03
8.438438438438440000e+14 5.770115267593551624e-03
8.448448448448450000e+14 5.707919307517487703e-03
8.458458458458460000e+14 5.646371238459554909e-03
8.468468468468470000e+14 5.585464612241996737e-03
8.478478478478480000e+14 5.525193040820671787e-03
8.488488488488490000e+14 5.465550195779305537e-03
8.498498498498500000e+14 5.406529807827259275e-03
8.508508508508510000e+14 5.348125666300719908e-03
8.518518518518520000e+14 5.290331618667373954e-03
8.528528528528530000e+14 5.233141570034566606e-03
8.538538538538540000e+14 5.176549482660751551e-03
8.548548548548550000e+14 5.120549375470513469e-03
8.558558558558560000e+14 5.065135323572907307e-03
8.568568568568570000e+14 5.010301457783256605e-03
8.578578578578580000e+14 4.956041964148220035e-03
8.588588588588590000e+14 4.902351083474331718e-03
8.598598598598600000e+14 4.849223110859860950e-03
8.608608608608610000e+14 4.796652395229946200e-03
8.618618618618620000e+14 4.744633338875168214e-03
8.628628628628630000e+14 4.693160396993306324e-03
8.638638638638640000e+14 4.642228077234487882e-03
8.648648648648650000e+14 4.591830939249563412e-03
8.658658658658660000e+14 4.541963594241784676e-03
8.668668668668670000e+14 4.492620704521705852e-03
8.678678678678680000e+14 4.443796983065308702e-03
8.688688688688690000e+14 4.395487193075403760e-03
8.698698698698700000e+14 4.347686147546194792e-03
8.708708708708710000e+14 4.300388708831038610e-03
8.718718718718720000e+14 4.253589788213454036e-03
8.728728728728730000e+14 4.207284345481144931e-03
8.738738738738740000e+14 4.161467388503325288e-03
8.748748748748750000e+14 4.116133972811092216e-03
8.758758758758760000e+14 4.071279201180941394e-03
8.768768768768770000e+14 4.026898223221405011e-03
8.778778778778780000e+14 3.982986234962703799e-03
8.788788788788790000e+14 3.939538478449594421e-03
8.798798798798800000e+14 3.896550241337135099e-03
8.808808808808810000e+14 3.854016856489597600e-03
8.818818818818820000e+14 3.811933701582375950e-03
8.828828828828830000e+14 3.770296198706872808e-03
8.838838838838840000e+14 3.729099813978413794e-03
8.848848848848850000e+14 3.688340057147162891e-03
8.858858858858860000e+14 3.648012481211920961e-03
8.868868868868870000e+14 3.608112682036982571e-03
8.878878878878880000e+14 3.568636297971822160e-03
8.888888888888890000e+14 3.529579009473764357e-03
8.898898898898900000e+14 3.490936538733532216e-03
8.908908908908910000e+14 3.452704649303668140e-03
8.918918918918920000e+14 3.414879145729887797e-03
8.928928928928930000e+14 3.377455873185168829e-03
8.938938938938940000e+14 3.340430717106792919e-03
8.948948948948950000e+14 3.303799602836146945e-03
8.958958958958960000e+14 3.267558495261374280e-03
8.968968968968970000e+14 3.231703398462752643e-03
8.978978978978980000e+14 3.196230355360922537e-03
8.988988988988990000e+14 3.161135447367807109e-03
8.998998998999000000e+14 3.126414794040311904e-03
9.009009009009010000e+14 3.092064552736769820e-03
9.019019019019020000e+14 3.058080918276031950e-03
9.029029029029030000e+14 3.024460122599322703e-03
9.039039039039040000e+14 2.991198434434724773e-03
9.049049049049050000e+14 2.958292158964376337e-03
9.059059059059060000e+14 2.925737637494267747e-03
9.069069069069070000e+14 2.893531247126685836e-03
9.079079079079080000e+14 2.861669400435293276e-03
9.089089089089090000e+14 2.830148545142786159e-03
9.099099099099100000e+14 2.798965163801141534e-03
9.109109109109110000e+14 2.768115773474469615e-03
9.119119119119120000e+14 2.737596925424327140e-03
9.129129129129130000e+14 2.707405204797667508e-03
9.139139139139140000e+14 2.677537230317265926e-03
9.149149149149150000e+14 2.647989653974640832e-03
9.159159159159160000e+14 2.618759160725507573e-03
9.169169169169170000e+14 2.589842468187662870e-03
9.179179179179180000e+14 2.561236326341338222e-03
9.189189189189190000e+14 2.532937517232016194e-03
9.199199199199200000e+14 2.504942854675658390e-03
9.209209209209210000e+14 2.477249183966360319e-03
9.219219219219220000e+14 2.449853381586371542e-03
9.229229229229230000e+14 2.422752354918528833e-03
9.239239239239240000e+14 2.395943041961058097e-03
9.249249249249250000e+14 2.369422411044679131e-03
9.259259259259260000e+14 2.343187460552125997e-03
9.269269269269270000e+14 2.317235218639895206e-03
9.279279279279280000e+14 2.291562742962371339e-03
9.289289289289290000e+14 2.266167120398201746e-03
9.299299299299300000e+14 2.241045466778987527e-03
9.309309309309310000e+14 2.216194926620160266e-03
9.319319319319320000e+14 2.191612672854175055e-03
9.329329329329330000e+14 2.167295906565902281e-03
9.339339339339340000e+14 2.143241856730226415e-03
9.349349349349350000e+14 2.119447779951866978e-03
9.359359359359360000e+14 2.095910960207360979e-03
9.369369369369370000e+14 2.072628708589214618e-03
9.379379379379380000e+14 2.049598363052230771e-03
9.389389389389390000e+14 2.026817288161952401e-03
9.399399399399400000e+14 2.004282874845257894e-03
9.409409409409410000e+14 1.981992540143026789e-03
9.419419419419420000e+14 1.959943726964933144e-03
9.429429429429430000e+14 1.938133903846324044e-03
9.439439439439440000e+14 1.916560564707124473e-03
9.449449449449450000e+14 1.895221228612847721e-03
9.459459459459460000e+14 1.874113439537591604e-03
9.469469469469470000e+14 1.853234766129098141e-03
9.479479479479480000e+14 1.832582801475797756e-03
9.489489489489490000e+14 1.812155162875865762e-03
9.499499499499500000e+14 1.791949491608244710e-03
9.509509509509510000e+14 1.771963452705630892e-03
9.519519519519520000e+14 1.752194734729430612e-03
9.529529529529530000e+14 1.732641049546639837e-03
9.539539539539540000e+14 1.713300132108649390e-03
9.549549549549550000e+14 1.694169740231984576e-03
9.559559559559560000e+14 1.675247654380886651e-03
9.569569569569570000e+14 1.656531677451835013e-03
9.579579579579580000e+14 1.638019634559906680e-03
9.589589589589590000e+14 1.619709372826996265e-03
9.599599599599600000e+14 1.601598761171893611e-03
9.609609609609610000e+14 1.583685690102151680e-03
9.619619619619620000e+14 1.565968071507823148e-03
9.629629629629630000e+14 1.548443838456942806e-03
9.639639639639640000e+14 1.531110944992836176e-03
9.649649649649650000e+14 1.513967365933198634e-03
9.659659659659660000e+14 1.497011096670912075e-03
9.669669669669670000e+14 1.480240152976631867e-03
9.679679679679680000e+14 1.463652570803111990e-03
9.689689689689690000e+14 1.447246406091238667e-03
9.699699699699700000e+14 1.431019734577768576e-03
9.709709709709710000e+14 1.414970651604787041e-03
9.719719719719720000e+14 1.399097271930831122e-03
9.729729729729730000e+14 1.383397729543682595e-03
9.739739739739740000e+14 1.367870177474846865e-03
9.749749749749750000e+14 1.352512787615624355e-03
9.759759759759760000e+14 1.337323750534868049e-03
9.769769769769770000e+14 1.322301275298332210e-03
9.779779779779780000e+14 1.307443589289634380e-03
9.789789789789790000e+14 1.292748938032826575e-03
9.799799799799800000e+14 1.278215585016519466e-03
9.809809809809810000e+14 1.263841811519616620e-03
9.819819819819820000e+14 1.249625916438570515e-03
9.829829829829830000e+14 1.235566216116210005e-03
9.839839839839840000e+14 1.221661044172101711e-03
9.849849849849850000e+14 1.207908751334413246e-03
9.859859859859860000e+14 1.194307705273312545e-03
9.869869869869870000e+14 1.180856290435848424e-03
9.879879879879880000e+14 1.167552907882334718e-03
9.889889889889890000e+14 1.154395975124194182e-03
9.899899899899900000e+14 1.141383925963271057e-03
9.909909909909910000e+14 1.128515210332601453e-03
9.919919919919920000e+14 1.115788294138623550e-03
9.929929929929930000e+14 1.103201659104806808e-03
9.939939939939940000e+14 1.090753802616726848e-03
9.949949949949950000e+14 1.078443237568501873e-03
9.959959959959960000e+14 1.066268492210668264e-03
9.969969969969970000e+14 1.054228109999417714e-03
9.979979979979980000e+14 1.042320649447213247e-03
9.989989989989990000e+14 1.030544683974772210e-03
1.000000000000000000e+15 1.018898801764392360e-03
